TP, TN, FP, FN
0 ,  6089 ,  65637 ,  3638
0 ,  6939 ,  67921 ,  504
0 ,  5102 ,  62522 ,  7740
0 ,  3539 ,  69745 ,  2080
0 ,  3966 ,  64090 ,  7308
0 ,  18277 ,  55197 ,  1890
0 ,  9914 ,  63875 ,  1575
0 ,  6929 ,  67205 ,  1230
0 ,  13314 ,  61130 ,  920
0 ,  9328 ,  65484 ,  552
0 ,  4333 ,  70863 ,  168
0 ,  5239 ,  69145 ,  980
0 ,  3539 ,  71729 ,  96
0 ,  7089 ,  59419 ,  8856
0 ,  5664 ,  61560 ,  8140
0 ,  3539 ,  71165 ,  660
0 ,  3490 ,  71734 ,  140
0 ,  3539 ,  71685 ,  140
0 ,  5262 ,  69365 ,  737
0 ,  3539 ,  71273 ,  552
0 ,  3539 ,  71757 ,  68
0 ,  3539 ,  71041 ,  784
0 ,  3539 ,  71713 ,  112
0 ,  6089 ,  68927 ,  348
0 ,  4814 ,  69612 ,  938
0 ,  8441 ,  65339 ,  1584
0 ,  7014 ,  63142 ,  5208
0 ,  9434 ,  53450 ,  12480
0 ,  11084 ,  63383 ,  897
0 ,  6514 ,  67289 ,  1561
0 ,  3539 ,  71495 ,  330
0 ,  4814 ,  69873 ,  677
0 ,  11797 ,  61474 ,  2093
0 ,  3964 ,  70800 ,  600
0 ,  3539 ,  71505 ,  320
0 ,  10339 ,  63825 ,  1200
0 ,  3476 ,  71473 ,  415
0 ,  9914 ,  64464 ,  986
0 ,  16289 ,  58049 ,  1026
0 ,  2958 ,  68837 ,  3569
0 ,  2899 ,  54673 ,  17792
0 ,  2441 ,  66701 ,  6222
0 ,  4508 ,  63156 ,  7700
0 ,  6514 ,  68668 ,  182
0 ,  3964 ,  70820 ,  580
0 ,  3539 ,  69911 ,  1914
0 ,  4774 ,  70038 ,  552
0 ,  10944 ,  63650 ,  770
0 ,  7628 ,  66540 ,  1196
0 ,  2664 ,  33450 ,  39250
0 ,  3539 ,  68470 ,  3355
0 ,  2009 ,  67745 ,  5610
0 ,  3539 ,  60371 ,  11454
0 ,  7364 ,  67730 ,  270
0 ,  4389 ,  69193 ,  1782
0 ,  5239 ,  67390 ,  2735
0 ,  6064 ,  64790 ,  4510
0 ,  5386 ,  65654 ,  4324
0 ,  3126 ,  59435 ,  12803
0 ,  3539 ,  70070 ,  1755
0 ,  2755 ,  50769 ,  21840
0 ,  2753 ,  67109 ,  5502
0 ,  3539 ,  55952 ,  15873
0 ,  8815 ,  65445 ,  1104
0 ,  4326 ,  70606 ,  432
0 ,  8214 ,  66802 ,  348
0 ,  8214 ,  66594 ,  556
0 ,  3539 ,  70705 ,  1120
0 ,  3539 ,  70875 ,  950
0 ,  7419 ,  65720 ,  2225
0 ,  6301 ,  67288 ,  1775
0 ,  3385 ,  70835 ,  1144
0 ,  5664 ,  60710 ,  8990
0 ,  4095 ,  67951 ,  3318
0 ,  7789 ,  62661 ,  4914
0 ,  7414 ,  61882 ,  6068
0 ,  3539 ,  71137 ,  688
0 ,  11614 ,  62692 ,  1058
0 ,  3539 ,  70845 ,  980
0 ,  3964 ,  67240 ,  4160
0 ,  3539 ,  69825 ,  2000
0 ,  8804 ,  65884 ,  676
0 ,  3539 ,  69975 ,  1850
0 ,  4389 ,  69100 ,  1875
0 ,  8025 ,  65584 ,  1755
0 ,  12464 ,  62200 ,  700
0 ,  6089 ,  66850 ,  2425
0 ,  8039 ,  65650 ,  1675
0 ,  8639 ,  66428 ,  297
0 ,  10122 ,  63423 ,  1819
0 ,  3964 ,  69765 ,  1635
0 ,  22633 ,  50793 ,  1938
0 ,  3539 ,  69529 ,  2296
0 ,  3509 ,  71010 ,  845
0 ,  10339 ,  64533 ,  492
0 ,  5664 ,  69243 ,  457
0 ,  3964 ,  70938 ,  462
0 ,  3539 ,  71313 ,  512
0 ,  3539 ,  71528 ,  297
0 ,  6089 ,  69115 ,  160
0 ,  3964 ,  69880 ,  1520
0 ,  3164 ,  67700 ,  4500
0 ,  3539 ,  68375 ,  3450
0 ,  3539 ,  60425 ,  11400
0 ,  3539 ,  71211 ,  614
0 ,  5239 ,  68613 ,  1512
0 ,  5141 ,  69985 ,  238
0 ,  7312 ,  67508 ,  544
0 ,  8639 ,  66085 ,  640
0 ,  3539 ,  71475 ,  350
0 ,  4389 ,  70678 ,  297
0 ,  7364 ,  67832 ,  168
0 ,  3539 ,  71377 ,  448
0 ,  12505 ,  57786 ,  5073
0 ,  9788 ,  64622 ,  954
0 ,  12644 ,  61940 ,  780
0 ,  3539 ,  71085 ,  740
0 ,  4814 ,  70277 ,  273
0 ,  4389 ,  70700 ,  275
0 ,  14589 ,  60201 ,  574
0 ,  6939 ,  68265 ,  160
0 ,  3539 ,  71625 ,  200
0 ,  3539 ,  71395 ,  430
0 ,  3964 ,  67220 ,  4180
0 ,  3539 ,  69853 ,  1972
0 ,  27117 ,  47174 ,  1073
0 ,  3539 ,  71495 ,  330
0 ,  3539 ,  71370 ,  455
0 ,  3539 ,  71230 ,  595
0 ,  3130 ,  70790 ,  1444
0 ,  5167 ,  62174 ,  8023
0 ,  3539 ,  68018 ,  3807
0 ,  9544 ,  57075 ,  8745
0 ,  3964 ,  71400 ,  0
0 ,  10952 ,  56236 ,  8176
0 ,  7144 ,  58122 ,  10098
0 ,  2424 ,  67142 ,  5798
0 ,  4389 ,  64537 ,  6438
0 ,  4389 ,  70629 ,  346
0 ,  3539 ,  70845 ,  980
0 ,  3539 ,  71528 ,  297
0 ,  3539 ,  70943 ,  882
0 ,  5664 ,  69412 ,  288
0 ,  3539 ,  71565 ,  260
0 ,  3539 ,  70901 ,  924
0 ,  3964 ,  71184 ,  216
0 ,  3539 ,  71664 ,  161
0 ,  3539 ,  71526 ,  299
0 ,  3494 ,  71407 ,  463
0 ,  32168 ,  42160 ,  1036
0 ,  11189 ,  63599 ,  576
0 ,  28486 ,  35966 ,  10912
0 ,  3964 ,  70015 ,  1385
0 ,  12039 ,  59875 ,  3450
0 ,  4389 ,  70639 ,  336
0 ,  3431 ,  68133 ,  3800
0 ,  3964 ,  66615 ,  4785
0 ,  3539 ,  71446 ,  379
0 ,  9105 ,  63315 ,  2944
0 ,  4369 ,  70315 ,  680
0 ,  3539 ,  69149 ,  2676
0 ,  6514 ,  64979 ,  3871
0 ,  3423 ,  68193 ,  3748
0 ,  8112 ,  55964 ,  11288
0 ,  7364 ,  67398 ,  602
0 ,  14779 ,  44400 ,  16185
0 ,  4814 ,  69965 ,  585
0 ,  6939 ,  68217 ,  208
0 ,  19143 ,  55675 ,  546
0 ,  11664 ,  57421 ,  6279
0 ,  15631 ,  47677 ,  12056
0 ,  12900 ,  60555 ,  1909
0 ,  3964 ,  70764 ,  636
0 ,  5102 ,  65110 ,  5152
0 ,  4023 ,  68791 ,  2550
0 ,  4298 ,  70533 ,  533
0 ,  4869 ,  68719 ,  1776
0 ,  3539 ,  69095 ,  2730
0 ,  3539 ,  69875 ,  1950
0 ,  12039 ,  62587 ,  738
0 ,  3266 ,  69212 ,  2886
0 ,  3964 ,  70050 ,  1350
0 ,  27219 ,  47191 ,  954
0 ,  27981 ,  46551 ,  832
0 ,  3539 ,  71313 ,  512
0 ,  6505 ,  56814 ,  12045
0 ,  7364 ,  67244 ,  756
0 ,  9835 ,  55161 ,  10368
0 ,  10994 ,  54227 ,  10143
0 ,  4389 ,  70214 ,  761
0 ,  3469 ,  71735 ,  160
0 ,  4389 ,  70595 ,  380
0 ,  5239 ,  69385 ,  740
0 ,  8639 ,  66275 ,  450
0 ,  3964 ,  70203 ,  1197
0 ,  7364 ,  66722 ,  1278
0 ,  5239 ,  69037 ,  1088
0 ,  7789 ,  67095 ,  480
0 ,  3964 ,  60588 ,  10812
0 ,  3539 ,  69679 ,  2146
0 ,  7705 ,  67215 ,  444
0 ,  4814 ,  70389 ,  161
0 ,  8639 ,  62297 ,  4428
0 ,  3221 ,  71666 ,  477
0 ,  4219 ,  62781 ,  8364
0 ,  3539 ,  71266 ,  559
0 ,  13216 ,  61158 ,  990
0 ,  3539 ,  71577 ,  248
0 ,  6089 ,  68835 ,  440
0 ,  4524 ,  64330 ,  6510
0 ,  5289 ,  66625 ,  3450
0 ,  11547 ,  59689 ,  4128
0 ,  4746 ,  67040 ,  3578
0 ,  10764 ,  52972 ,  11628
0 ,  25489 ,  43780 ,  6095
0 ,  11169 ,  28663 ,  35532
0 ,  4814 ,  70150 ,  400
0 ,  2531 ,  65777 ,  7056
0 ,  3964 ,  69538 ,  1862
0 ,  9914 ,  64396 ,  1054
0 ,  3070 ,  65996 ,  6298
0 ,  3539 ,  69977 ,  1848
0 ,  12464 ,  61520 ,  1380
0 ,  3539 ,  71465 ,  360
0 ,  5159 ,  69469 ,  736
0 ,  10947 ,  57592 ,  6825
0 ,  4814 ,  70060 ,  490
0 ,  5664 ,  62924 ,  6776
0 ,  4814 ,  69845 ,  705
0 ,  6939 ,  67921 ,  504
0 ,  11934 ,  63190 ,  240
0 ,  13223 ,  61647 ,  494
0 ,  3357 ,  71279 ,  728
0 ,  4770 ,  70231 ,  363
0 ,  4389 ,  69753 ,  1222
0 ,  14589 ,  59789 ,  986
0 ,  3539 ,  71281 ,  544
0 ,  4389 ,  68743 ,  2232
0 ,  5239 ,  69547 ,  578
0 ,  3539 ,  70945 ,  880
0 ,  5489 ,  67955 ,  1920
0 ,  4389 ,  68049 ,  2926
0 ,  6017 ,  68785 ,  562
0 ,  3964 ,  69704 ,  1696
0 ,  3539 ,  70723 ,  1102
0 ,  4814 ,  69794 ,  756
0 ,  9914 ,  64260 ,  1190
0 ,  3539 ,  70993 ,  832
0 ,  15014 ,  59752 ,  598
0 ,  10733 ,  61421 ,  3210
0 ,  8664 ,  64124 ,  2576
0 ,  6939 ,  68182 ,  243
0 ,  3964 ,  70906 ,  494
0 ,  7352 ,  64960 ,  3052
0 ,  4814 ,  69958 ,  592
0 ,  3775 ,  69240 ,  2349
0 ,  4814 ,  70242 ,  308
0 ,  3539 ,  71328 ,  497
0 ,  5664 ,  69332 ,  368
0 ,  9479 ,  64805 ,  1080
0 ,  11189 ,  63597 ,  578
0 ,  17564 ,  56029 ,  1771
0 ,  11614 ,  63750 ,  0
0 ,  3152 ,  55891 ,  16321
0 ,  14235 ,  35691 ,  25438
0 ,  2769 ,  36295 ,  36300
0 ,  3539 ,  71417 ,  408
0 ,  3539 ,  70709 ,  1116
0 ,  11189 ,  61683 ,  2492
0 ,  4045 ,  69599 ,  1720
0 ,  3539 ,  71573 ,  252
0 ,  4389 ,  70312 ,  663
0 ,  3371 ,  71393 ,  600
0 ,  4814 ,  69290 ,  1260
0 ,  11490 ,  54884 ,  8990
0 ,  9064 ,  66060 ,  240
0 ,  4814 ,  70088 ,  462
0 ,  5664 ,  69359 ,  341
0 ,  7364 ,  67028 ,  972
0 ,  5664 ,  68458 ,  1242
0 ,  3914 ,  70970 ,  480
0 ,  3539 ,  71041 ,  784
0 ,  3539 ,  71591 ,  234
0 ,  3539 ,  71177 ,  648
0 ,  4389 ,  70076 ,  899
0 ,  8639 ,  66335 ,  390
0 ,  27733 ,  44150 ,  3481
0 ,  4389 ,  70275 ,  700
0 ,  4389 ,  69450 ,  1525
0 ,  3869 ,  70887 ,  608
0 ,  4389 ,  69655 ,  1320
0 ,  3406 ,  71217 ,  741
0 ,  4389 ,  70462 ,  513
0 ,  3539 ,  71740 ,  85
0 ,  8639 ,  65794 ,  931
0 ,  3539 ,  71249 ,  576
0 ,  3539 ,  71649 ,  176
0 ,  3491 ,  71585 ,  288
0 ,  20114 ,  54184 ,  1066
0 ,  20838 ,  54148 ,  378
0 ,  17564 ,  56443 ,  1357
0 ,  26914 ,  47655 ,  795
0 ,  2786 ,  69602 ,  2976
0 ,  3789 ,  68625 ,  2950
0 ,  9377 ,  65203 ,  784
0 ,  9405 ,  65509 ,  450
0 ,  3964 ,  71000 ,  400
0 ,  3539 ,  71526 ,  299
0 ,  3539 ,  71363 ,  462
0 ,  18839 ,  52867 ,  3658
0 ,  10145 ,  57737 ,  7482
0 ,  3539 ,  69745 ,  2080
0 ,  7364 ,  67565 ,  435
0 ,  8214 ,  66643 ,  507
0 ,  3539 ,  71600 ,  225
0 ,  12798 ,  62228 ,  338
0 ,  3539 ,  60877 ,  10948
0 ,  3539 ,  71627 ,  198
0 ,  10764 ,  41255 ,  23345
0 ,  4814 ,  69846 ,  704
0 ,  3539 ,  70307 ,  1518
0 ,  8888 ,  65024 ,  1452
0 ,  13919 ,  54347 ,  7098
0 ,  3322 ,  70275 ,  1767
0 ,  5376 ,  67900 ,  2088
0 ,  3539 ,  71321 ,  504
0 ,  3539 ,  71515 ,  310
0 ,  3539 ,  71505 ,  320
0 ,  9307 ,  63145 ,  2912
0 ,  6514 ,  68242 ,  608
0 ,  6089 ,  68534 ,  741
0 ,  4448 ,  70428 ,  488
0 ,  6089 ,  68534 ,  741
0 ,  5573 ,  69150 ,  641
0 ,  3266 ,  70655 ,  1443
0 ,  15864 ,  57300 ,  2200
0 ,  3539 ,  70907 ,  918
0 ,  3539 ,  71209 ,  616
0 ,  3539 ,  70912 ,  913
0 ,  17014 ,  57436 ,  914
0 ,  6089 ,  66487 ,  2788
0 ,  12464 ,  57396 ,  5504
0 ,  3539 ,  71323 ,  502
0 ,  3539 ,  71473 ,  352
0 ,  9064 ,  64483 ,  1817
0 ,  4814 ,  69434 ,  1116
0 ,  4050 ,  61370 ,  9944
0 ,  3406 ,  70381 ,  1577
0 ,  7789 ,  67124 ,  451
0 ,  3539 ,  70712 ,  1113
0 ,  8154 ,  66870 ,  340
0 ,  3539 ,  71521 ,  304
0 ,  3539 ,  71105 ,  720
0 ,  3539 ,  69962 ,  1863
0 ,  6329 ,  67853 ,  1182
0 ,  6050 ,  67694 ,  1620
0 ,  3539 ,  71257 ,  568
0 ,  8214 ,  66270 ,  880
0 ,  5664 ,  53014 ,  16686
0 ,  6312 ,  65618 ,  3434
0 ,  4389 ,  70607 ,  368
0 ,  10213 ,  64683 ,  468
0 ,  5816 ,  66233 ,  3315
0 ,  3128 ,  70520 ,  1716
0 ,  5740 ,  66012 ,  3612
0 ,  3539 ,  68419 ,  3406
0 ,  9652 ,  47958 ,  17754
0 ,  7364 ,  60692 ,  7308
0 ,  16714 ,  57390 ,  1260
0 ,  2672 ,  66897 ,  5795
0 ,  3539 ,  68686 ,  3139
0 ,  3539 ,  61792 ,  10033
0 ,  13739 ,  61166 ,  459
0 ,  8124 ,  66910 ,  330
0 ,  4814 ,  68504 ,  2046
0 ,  5239 ,  69682 ,  443
0 ,  3539 ,  71825 ,  0
0 ,  3539 ,  70325 ,  1500
0 ,  4389 ,  68275 ,  2700
0 ,  3539 ,  71165 ,  660
0 ,  4389 ,  70494 ,  481
0 ,  10764 ,  64552 ,  48
0 ,  4922 ,  64777 ,  5665
0 ,  3461 ,  71643 ,  260
0 ,  3539 ,  71715 ,  110
0 ,  4389 ,  70390 ,  585
0 ,  15713 ,  58595 ,  1056
0 ,  5189 ,  68719 ,  1456
0 ,  3964 ,  68852 ,  2548
0 ,  9489 ,  65251 ,  624
0 ,  11189 ,  63885 ,  290
0 ,  4389 ,  70039 ,  936
0 ,  3539 ,  71230 ,  595
0 ,  3539 ,  71354 ,  471
0 ,  3539 ,  71237 ,  588
0 ,  3539 ,  71321 ,  504
0 ,  3539 ,  70625 ,  1200
0 ,  3539 ,  71535 ,  290
0 ,  3539 ,  71618 ,  207
0 ,  3539 ,  71539 ,  286
0 ,  4389 ,  70495 ,  480
0 ,  5239 ,  69709 ,  416
0 ,  3409 ,  71201 ,  754
0 ,  6089 ,  65501 ,  3774
0 ,  9169 ,  60115 ,  6080
0 ,  12066 ,  59876 ,  3422
0 ,  7364 ,  65894 ,  2106
0 ,  3964 ,  70868 ,  532
0 ,  3539 ,  71553 ,  272
0 ,  5664 ,  67716 ,  1984
0 ,  3539 ,  70985 ,  840
0 ,  3539 ,  70900 ,  925
0 ,  4186 ,  68777 ,  2401
0 ,  7114 ,  67800 ,  450
0 ,  10339 ,  64494 ,  531
0 ,  4589 ,  63336 ,  7439
0 ,  6813 ,  67885 ,  666
0 ,  3964 ,  70890 ,  510
0 ,  3879 ,  61709 ,  9776
0 ,  8474 ,  66582 ,  308
0 ,  3964 ,  69328 ,  2072
0 ,  3539 ,  70889 ,  936
0 ,  11189 ,  63983 ,  192
0 ,  3782 ,  71358 ,  224
0 ,  3539 ,  71825 ,  0
0 ,  3539 ,  71636 ,  189
0 ,  20764 ,  44350 ,  10250
0 ,  16714 ,  55062 ,  3588
0 ,  10002 ,  60312 ,  5050
0 ,  3964 ,  66840 ,  4560
0 ,  7014 ,  63040 ,  5310
0 ,  5664 ,  67390 ,  2310
0 ,  6290 ,  67538 ,  1536
0 ,  7789 ,  65835 ,  1740
0 ,  5212 ,  67327 ,  2825
0 ,  4504 ,  50700 ,  20160
0 ,  6089 ,  68879 ,  396
0 ,  3539 ,  71077 ,  748
0 ,  3539 ,  70607 ,  1218
0 ,  10012 ,  60600 ,  4752
0 ,  6514 ,  67450 ,  1400
0 ,  3539 ,  70802 ,  1023
0 ,  4719 ,  69055 ,  1590
0 ,  9802 ,  65194 ,  368
0 ,  3539 ,  71465 ,  360
0 ,  4814 ,  70115 ,  435
0 ,  3539 ,  71555 ,  270
0 ,  3239 ,  68925 ,  3200
0 ,  3539 ,  71331 ,  494
0 ,  3736 ,  69006 ,  2622
0 ,  3964 ,  66006 ,  5394
0 ,  6936 ,  62303 ,  6125
0 ,  3264 ,  71165 ,  935
0 ,  11189 ,  62147 ,  2028
0 ,  6461 ,  67257 ,  1646
0 ,  3811 ,  68435 ,  3118
0 ,  5442 ,  66444 ,  3478
0 ,  5239 ,  66795 ,  3330
0 ,  5639 ,  65507 ,  4218
0 ,  3539 ,  71135 ,  690
0 ,  9489 ,  64470 ,  1405
0 ,  3964 ,  69101 ,  2299
0 ,  3371 ,  71153 ,  840
0 ,  3539 ,  66367 ,  5458
0 ,  12427 ,  53829 ,  9108
0 ,  16277 ,  48880 ,  10207
0 ,  8506 ,  58860 ,  7998
0 ,  4842 ,  63946 ,  6576
0 ,  4289 ,  54183 ,  16892
0 ,  5664 ,  69258 ,  442
0 ,  7789 ,  66931 ,  644
0 ,  3539 ,  66105 ,  5720
0 ,  3539 ,  69953 ,  1872
0 ,  2759 ,  47645 ,  24960
0 ,  4424 ,  65870 ,  5070
0 ,  8874 ,  48262 ,  18228
0 ,  5620 ,  67265 ,  2479
0 ,  3964 ,  68646 ,  2754
0 ,  7789 ,  65566 ,  2009
0 ,  3371 ,  69004 ,  2989
0 ,  3539 ,  70835 ,  990
0 ,  3539 ,  69868 ,  1957
0 ,  3964 ,  70646 ,  754
0 ,  3539 ,  71393 ,  432
0 ,  11993 ,  62117 ,  1254
0 ,  5664 ,  68866 ,  834
0 ,  3964 ,  71148 ,  252
0 ,  3539 ,  69823 ,  2002
0 ,  3539 ,  71627 ,  198
0 ,  12239 ,  51836 ,  11289
0 ,  10166 ,  62910 ,  2288
0 ,  3964 ,  70224 ,  1176
0 ,  4814 ,  70286 ,  264
0 ,  4389 ,  70524 ,  451
0 ,  5239 ,  69549 ,  576
0 ,  8214 ,  66580 ,  570
0 ,  9914 ,  55778 ,  9672
0 ,  3539 ,  70476 ,  1349
0 ,  4814 ,  70121 ,  429
0 ,  6280 ,  67758 ,  1326
0 ,  5664 ,  65527 ,  4173
0 ,  3410 ,  69675 ,  2279
0 ,  14982 ,  58094 ,  2288
0 ,  3964 ,  70806 ,  594
0 ,  3539 ,  70975 ,  850
0 ,  5239 ,  68100 ,  2025
0 ,  3539 ,  71506 ,  319
0 ,  3539 ,  71285 ,  540
0 ,  6584 ,  61448 ,  7332
0 ,  3539 ,  71128 ,  697
0 ,  3539 ,  71645 ,  180
0 ,  5664 ,  68480 ,  1220
0 ,  12039 ,  60609 ,  2716
0 ,  12280 ,  54066 ,  9018
0 ,  4435 ,  64497 ,  6432
0 ,  3539 ,  70400 ,  1425
0 ,  3406 ,  68272 ,  3686
0 ,  2944 ,  65535 ,  6885
0 ,  14025 ,  56641 ,  4698
0 ,  3475 ,  71201 ,  688
0 ,  4814 ,  67694 ,  2856
0 ,  3539 ,  71484 ,  341
0 ,  10220 ,  64668 ,  476
0 ,  3539 ,  71503 ,  322
0 ,  20859 ,  51040 ,  3465
0 ,  3539 ,  71671 ,  154
0 ,  6089 ,  68635 ,  640
0 ,  7364 ,  67505 ,  495
0 ,  13625 ,  61440 ,  299
0 ,  7738 ,  66912 ,  714
0 ,  3964 ,  70106 ,  1294
0 ,  3131 ,  71281 ,  952
0 ,  3539 ,  71110 ,  715
0 ,  3539 ,  71465 ,  360
0 ,  3539 ,  70958 ,  867
0 ,  5239 ,  68769 ,  1356
0 ,  6089 ,  68905 ,  370
0 ,  3964 ,  67884 ,  3516
0 ,  3964 ,  70756 ,  644
0 ,  2975 ,  63957 ,  8432
0 ,  3350 ,  65183 ,  6831
0 ,  3442 ,  68790 ,  3132
0 ,  3539 ,  68954 ,  2871
0 ,  3539 ,  63085 ,  8740
0 ,  4631 ,  64973 ,  5760
0 ,  3131 ,  69915 ,  2318
0 ,  3539 ,  70993 ,  832
0 ,  3539 ,  71550 ,  275
0 ,  4389 ,  69033 ,  1942
0 ,  6684 ,  34170 ,  34510
0 ,  2846 ,  67997 ,  4521
0 ,  3273 ,  67075 ,  5016
0 ,  3539 ,  59137 ,  12688
0 ,  5912 ,  61318 ,  8134
0 ,  3964 ,  69348 ,  2052
0 ,  6067 ,  67165 ,  2132
0 ,  4389 ,  70513 ,  462
0 ,  8639 ,  64349 ,  2376
0 ,  5522 ,  63443 ,  6399
0 ,  3964 ,  61819 ,  9581
0 ,  3539 ,  71825 ,  0
0 ,  3539 ,  67901 ,  3924
0 ,  3539 ,  53141 ,  18684
0 ,  3539 ,  71537 ,  288
0 ,  3539 ,  64037 ,  7788
0 ,  4814 ,  69579 ,  971
0 ,  3539 ,  70261 ,  1564
0 ,  7364 ,  65042 ,  2958
0 ,  6514 ,  68346 ,  504
0 ,  5377 ,  65969 ,  4018
0 ,  4389 ,  69853 ,  1122
0 ,  10764 ,  63672 ,  928
0 ,  7789 ,  66823 ,  752
0 ,  6089 ,  69275 ,  0
0 ,  6089 ,  68555 ,  720
0 ,  3789 ,  70800 ,  775
0 ,  3539 ,  69531 ,  2294
0 ,  3539 ,  71553 ,  272
0 ,  6089 ,  68810 ,  465
0 ,  25956 ,  49075 ,  333
0 ,  3539 ,  71285 ,  540
0 ,  4814 ,  69808 ,  742
0 ,  3539 ,  70265 ,  1560
0 ,  5743 ,  64109 ,  5512
0 ,  10361 ,  54509 ,  10494
0 ,  5239 ,  58956 ,  11169
0 ,  3539 ,  71441 ,  384
0 ,  8492 ,  65990 ,  882
0 ,  7133 ,  64832 ,  3399
0 ,  11229 ,  61330 ,  2805
0 ,  3539 ,  62417 ,  9408
0 ,  3229 ,  50190 ,  21945
0 ,  3539 ,  67961 ,  3864
0 ,  9914 ,  64794 ,  656
0 ,  12464 ,  61136 ,  1764
0 ,  6089 ,  68330 ,  945
0 ,  12714 ,  61275 ,  1375
0 ,  10339 ,  64053 ,  972
0 ,  17965 ,  56099 ,  1300
0 ,  5665 ,  69099 ,  600
0 ,  3964 ,  69852 ,  1548
0 ,  2951 ,  63593 ,  8820
0 ,  3964 ,  66890 ,  4510
0 ,  3307 ,  71651 ,  406
0 ,  3539 ,  70637 ,  1188
0 ,  9064 ,  65937 ,  363
0 ,  7238 ,  67712 ,  414
0 ,  4389 ,  70025 ,  950
0 ,  14164 ,  55876 ,  5324
0 ,  4359 ,  64830 ,  6175
0 ,  3539 ,  69473 ,  2352
0 ,  10764 ,  56380 ,  8220
0 ,  7364 ,  67468 ,  532
0 ,  6064 ,  68130 ,  1170
0 ,  4814 ,  69393 ,  1157
0 ,  6815 ,  67295 ,  1254
0 ,  12039 ,  62186 ,  1139
0 ,  6514 ,  68550 ,  300
0 ,  3539 ,  71240 ,  585
0 ,  3378 ,  71112 ,  874
0 ,  3539 ,  71405 ,  420
0 ,  3539 ,  70813 ,  1012
0 ,  4814 ,  65724 ,  4826
0 ,  11189 ,  63320 ,  855
0 ,  5664 ,  69360 ,  340
0 ,  14055 ,  58906 ,  2403
0 ,  8639 ,  66088 ,  637
0 ,  4814 ,  69986 ,  564
0 ,  4018 ,  68643 ,  2703
0 ,  3964 ,  66997 ,  4403
0 ,  6849 ,  52911 ,  15604
0 ,  3539 ,  65399 ,  6426
0 ,  3539 ,  55985 ,  15840
0 ,  5239 ,  69777 ,  348
0 ,  4814 ,  67254 ,  3296
0 ,  4814 ,  59892 ,  10658
0 ,  6939 ,  63233 ,  5192
0 ,  3964 ,  70640 ,  760
0 ,  3539 ,  71345 ,  480
0 ,  3539 ,  71240 ,  585
0 ,  5239 ,  69631 ,  494
0 ,  13739 ,  60771 ,  854
0 ,  3539 ,  71357 ,  468
0 ,  3539 ,  69833 ,  1992
0 ,  9914 ,  64785 ,  665
0 ,  3539 ,  62849 ,  8976
0 ,  8639 ,  55385 ,  11340
0 ,  3964 ,  70949 ,  451
0 ,  3539 ,  71261 ,  564
0 ,  6089 ,  68699 ,  576
0 ,  3539 ,  71575 ,  250
0 ,  4814 ,  70070 ,  480
0 ,  3315 ,  70993 ,  1056
0 ,  3864 ,  69966 ,  1534
0 ,  6514 ,  68248 ,  602
0 ,  11189 ,  63470 ,  705
0 ,  10472 ,  60600 ,  4292
0 ,  5580 ,  69556 ,  228
0 ,  3539 ,  71233 ,  592
0 ,  14164 ,  57888 ,  3312
0 ,  6089 ,  68835 ,  440
0 ,  3964 ,  71176 ,  224
0 ,  6458 ,  68786 ,  120
0 ,  3964 ,  69840 ,  1560
0 ,  3539 ,  71627 ,  198
0 ,  9363 ,  65749 ,  252
0 ,  6089 ,  68285 ,  990
0 ,  5050 ,  68937 ,  1377
0 ,  8639 ,  65024 ,  1701
0 ,  3539 ,  71609 ,  216
0 ,  4814 ,  67925 ,  2625
0 ,  6514 ,  64404 ,  4446
0 ,  9431 ,  65875 ,  58
0 ,  3539 ,  71550 ,  275
0 ,  4389 ,  66942 ,  4033
0 ,  17139 ,  55783 ,  2442
0 ,  15571 ,  52741 ,  7052
0 ,  3448 ,  70876 ,  1040
0 ,  3964 ,  70080 ,  1320
0 ,  4814 ,  63935 ,  6615
0 ,  6378 ,  52666 ,  16320
0 ,  4389 ,  68805 ,  2170
0 ,  9804 ,  65153 ,  407
0 ,  3539 ,  69655 ,  2170
0 ,  9802 ,  64922 ,  640
0 ,  10533 ,  55381 ,  9450
0 ,  12889 ,  56985 ,  5490
0 ,  3413 ,  70889 ,  1062
0 ,  8214 ,  66630 ,  520
0 ,  8373 ,  64863 ,  2128
0 ,  5664 ,  68000 ,  1700
0 ,  3539 ,  71475 ,  350
0 ,  4814 ,  68198 ,  2352
0 ,  3539 ,  69845 ,  1980
0 ,  7364 ,  62168 ,  5832
0 ,  3964 ,  66088 ,  5312
0 ,  5328 ,  68740 ,  1296
0 ,  9356 ,  53768 ,  12240
0 ,  9083 ,  57001 ,  9280
0 ,  25002 ,  35694 ,  14668
0 ,  3441 ,  71531 ,  392
0 ,  5663 ,  67074 ,  2627
0 ,  4814 ,  69740 ,  810
0 ,  10739 ,  49484 ,  15141
0 ,  14589 ,  60040 ,  735
0 ,  2867 ,  66911 ,  5586
0 ,  3539 ,  63887 ,  7938
0 ,  3539 ,  70961 ,  864
0 ,  3964 ,  69024 ,  2376
0 ,  4814 ,  70150 ,  400
0 ,  7789 ,  66606 ,  969
0 ,  5239 ,  68645 ,  1480
0 ,  14253 ,  59935 ,  1176
0 ,  3539 ,  71453 ,  372
0 ,  8051 ,  65108 ,  2205
0 ,  3539 ,  67355 ,  4470
0 ,  6089 ,  67238 ,  2037
0 ,  3539 ,  64573 ,  7252
0 ,  3539 ,  66364 ,  5461
0 ,  3539 ,  71825 ,  0
0 ,  3539 ,  71505 ,  320
0 ,  7364 ,  67845 ,  155
0 ,  6514 ,  67000 ,  1850
0 ,  3539 ,  71270 ,  555
0 ,  5664 ,  68969 ,  731
0 ,  11892 ,  62359 ,  1113
0 ,  5664 ,  68688 ,  1012
0 ,  3964 ,  71028 ,  372
0 ,  5664 ,  68534 ,  1166
0 ,  3539 ,  71300 ,  525
0 ,  3964 ,  71192 ,  208
0 ,  3355 ,  71181 ,  828
0 ,  3539 ,  68921 ,  2904
0 ,  3539 ,  71475 ,  350
0 ,  3539 ,  71377 ,  448
0 ,  3539 ,  71517 ,  308
0 ,  11001 ,  59869 ,  4494
0 ,  3539 ,  71265 ,  560
0 ,  12889 ,  61521 ,  954
0 ,  3539 ,  62925 ,  8900
0 ,  4346 ,  69692 ,  1326
0 ,  3191 ,  70065 ,  2108
0 ,  4899 ,  68561 ,  1904
0 ,  5239 ,  69315 ,  810
0 ,  3539 ,  67325 ,  4500
0 ,  9830 ,  65234 ,  300
0 ,  3539 ,  71297 ,  528
0 ,  3539 ,  71331 ,  494
0 ,  3539 ,  71293 ,  532
0 ,  7789 ,  67245 ,  330
0 ,  4389 ,  70485 ,  490
0 ,  9064 ,  65960 ,  340
0 ,  4389 ,  70635 ,  340
0 ,  3539 ,  71357 ,  468
0 ,  7789 ,  67200 ,  375
0 ,  6939 ,  68194 ,  231
0 ,  11189 ,  62519 ,  1656
0 ,  3539 ,  61736 ,  10089
0 ,  3196 ,  70845 ,  1323
0 ,  5037 ,  69343 ,  984
0 ,  8299 ,  65365 ,  1700
0 ,  3539 ,  66044 ,  5781
0 ,  4814 ,  70260 ,  290
0 ,  3992 ,  67052 ,  4320
0 ,  4638 ,  69626 ,  1100
0 ,  11189 ,  60927 ,  3248
0 ,  8639 ,  65877 ,  848
0 ,  3539 ,  71559 ,  266
0 ,  5239 ,  69297 ,  828
0 ,  8299 ,  66237 ,  828
0 ,  3539 ,  69849 ,  1976
0 ,  13314 ,  60241 ,  1809
0 ,  6089 ,  59415 ,  9860
0 ,  6514 ,  63606 ,  5244
0 ,  4314 ,  64981 ,  6069
0 ,  6939 ,  67207 ,  1218
0 ,  3539 ,  70609 ,  1216
0 ,  9064 ,  65948 ,  352
0 ,  12464 ,  62630 ,  270
0 ,  11189 ,  63839 ,  336
0 ,  11727 ,  62909 ,  728
0 ,  7364 ,  67766 ,  234
0 ,  15864 ,  59194 ,  306
0 ,  3539 ,  68459 ,  3366
0 ,  3539 ,  71441 ,  384
0 ,  8621 ,  65445 ,  1298
0 ,  4254 ,  64070 ,  7040
0 ,  3539 ,  58409 ,  13416
0 ,  3413 ,  71663 ,  288
0 ,  3539 ,  70439 ,  1386
0 ,  3539 ,  71473 ,  352
0 ,  7537 ,  64551 ,  3276
0 ,  6089 ,  67647 ,  1628
0 ,  3964 ,  68517 ,  2883
0 ,  4814 ,  69750 ,  800
0 ,  3497 ,  71729 ,  138
0 ,  13676 ,  60206 ,  1482
0 ,  4814 ,  70044 ,  506
0 ,  5239 ,  65355 ,  4770
0 ,  3539 ,  60200 ,  11625
0 ,  7364 ,  67640 ,  360
0 ,  4745 ,  67376 ,  3243
0 ,  4879 ,  65805 ,  4680
0 ,  3539 ,  71105 ,  720
0 ,  6958 ,  67440 ,  966
0 ,  10764 ,  63970 ,  630
0 ,  4265 ,  68929 ,  2170
0 ,  10339 ,  64305 ,  720
0 ,  5239 ,  69439 ,  686
0 ,  12889 ,  61981 ,  494
0 ,  28051 ,  46306 ,  1007
0 ,  3539 ,  70704 ,  1121
0 ,  8639 ,  66230 ,  495
0 ,  3539 ,  71370 ,  455
0 ,  3539 ,  71321 ,  504
0 ,  6939 ,  68125 ,  300
0 ,  3539 ,  71122 ,  703
0 ,  5664 ,  69266 ,  434
0 ,  3539 ,  71321 ,  504
0 ,  7789 ,  66691 ,  884
0 ,  7306 ,  62202 ,  5856
0 ,  3964 ,  71112 ,  288
0 ,  3964 ,  71090 ,  310
0 ,  6297 ,  66184 ,  2883
0 ,  5127 ,  69773 ,  464
0 ,  4814 ,  70253 ,  297
0 ,  4389 ,  70035 ,  940
0 ,  7140 ,  65216 ,  3008
0 ,  3539 ,  71015 ,  810
0 ,  3845 ,  70295 ,  1224
