TP, TN, FP, FN
3638 ,  9914 ,  61812 ,  0
504 ,  3539 ,  71321 ,  0
7224 ,  3023 ,  64601 ,  516
2080 ,  3539 ,  69745 ,  0
3836 ,  4742 ,  63314 ,  3472
1818 ,  20892 ,  52582 ,  72
1575 ,  11189 ,  62600 ,  0
795 ,  3104 ,  71030 ,  435
920 ,  16714 ,  57730 ,  0
391 ,  10178 ,  64634 ,  161
112 ,  6883 ,  68313 ,  56
980 ,  12464 ,  61920 ,  0
96 ,  3539 ,  71729 ,  0
8108 ,  7041 ,  59467 ,  748
8140 ,  6939 ,  60285 ,  0
660 ,  3539 ,  71165 ,  0
91 ,  4340 ,  70884 ,  49
140 ,  3539 ,  71685 ,  0
335 ,  6112 ,  68515 ,  402
552 ,  3539 ,  71273 ,  0
68 ,  3539 ,  71757 ,  0
784 ,  3539 ,  71041 ,  0
112 ,  3539 ,  71713 ,  0
348 ,  7364 ,  67652 ,  0
938 ,  5239 ,  69187 ,  0
1320 ,  9225 ,  64555 ,  264
2761 ,  7042 ,  63114 ,  2447
12480 ,  9064 ,  53820 ,  0
792 ,  4284 ,  70183 ,  105
1561 ,  9489 ,  64314 ,  0
330 ,  3539 ,  71495 ,  0
677 ,  3539 ,  71148 ,  0
1426 ,  17322 ,  55949 ,  667
600 ,  9489 ,  65275 ,  0
320 ,  3539 ,  71505 ,  0
1200 ,  13739 ,  60425 ,  0
136 ,  6235 ,  68714 ,  279
986 ,  6939 ,  67439 ,  0
1026 ,  4389 ,  69949 ,  0
2988 ,  2958 ,  68837 ,  581
17152 ,  2899 ,  54673 ,  640
5124 ,  2441 ,  66701 ,  1098
7700 ,  3964 ,  63700 ,  0
182 ,  3539 ,  71643 ,  0
580 ,  3539 ,  71245 ,  0
1489 ,  3539 ,  69911 ,  425
512 ,  6474 ,  68338 ,  40
770 ,  10764 ,  63830 ,  0
1035 ,  4228 ,  69940 ,  161
38375 ,  2664 ,  33450 ,  875
3278 ,  4737 ,  67272 ,  77
4080 ,  2009 ,  67745 ,  1530
11454 ,  3539 ,  60371 ,  0
270 ,  7789 ,  67305 ,  0
1782 ,  18414 ,  55168 ,  0
2488 ,  7117 ,  65512 ,  247
4510 ,  9064 ,  61790 ,  0
3196 ,  2836 ,  68204 ,  1128
12390 ,  3126 ,  59435 ,  413
1755 ,  3539 ,  70070 ,  0
21056 ,  2755 ,  50769 ,  784
4716 ,  2753 ,  67109 ,  786
15873 ,  3539 ,  55952 ,  0
855 ,  5415 ,  68845 ,  249
369 ,  5176 ,  69756 ,  63
348 ,  3539 ,  71477 ,  0
556 ,  5239 ,  69569 ,  0
1120 ,  10339 ,  63905 ,  0
950 ,  4389 ,  70025 ,  0
117 ,  13756 ,  59383 ,  2108
1562 ,  3326 ,  70263 ,  213
990 ,  3810 ,  70410 ,  154
5548 ,  11572 ,  54802 ,  3442
3024 ,  3670 ,  68376 ,  294
4914 ,  8639 ,  61811 ,  0
4618 ,  10589 ,  58707 ,  1450
688 ,  3539 ,  71137 ,  0
1058 ,  4814 ,  69492 ,  0
980 ,  3539 ,  70845 ,  0
4160 ,  6089 ,  65115 ,  0
2000 ,  3539 ,  69825 ,  0
416 ,  3279 ,  71409 ,  260
1850 ,  20964 ,  52550 ,  0
1875 ,  16714 ,  56775 ,  0
1566 ,  13550 ,  60059 ,  189
700 ,  9064 ,  65600 ,  0
2152 ,  13041 ,  59898 ,  273
1500 ,  8039 ,  65650 ,  175
297 ,  3539 ,  71528 ,  0
1177 ,  4172 ,  69373 ,  642
1635 ,  13314 ,  60415 ,  0
1482 ,  3083 ,  70343 ,  456
2296 ,  5239 ,  67829 ,  0
705 ,  5524 ,  68995 ,  140
492 ,  8639 ,  66233 ,  0
457 ,  5239 ,  69668 ,  0
462 ,  3539 ,  71363 ,  0
512 ,  3964 ,  70888 ,  0
297 ,  6939 ,  68128 ,  0
160 ,  23514 ,  51690 ,  0
1520 ,  8214 ,  65630 ,  0
4125 ,  3164 ,  67700 ,  375
3450 ,  3539 ,  68375 ,  0
11400 ,  3539 ,  60425 ,  0
614 ,  3539 ,  71211 ,  0
1512 ,  12889 ,  60963 ,  0
140 ,  6416 ,  68710 ,  98
544 ,  8639 ,  66181 ,  0
640 ,  7789 ,  66935 ,  0
0 ,  14664 ,  60350 ,  350
297 ,  3539 ,  71528 ,  0
168 ,  5664 ,  69532 ,  0
448 ,  3539 ,  71377 ,  0
4264 ,  6980 ,  63311 ,  809
765 ,  14400 ,  60010 ,  189
0 ,  20609 ,  53975 ,  780
740 ,  3539 ,  71085 ,  0
273 ,  3539 ,  71552 ,  0
275 ,  3539 ,  71550 ,  0
574 ,  3964 ,  70826 ,  0
160 ,  3539 ,  71665 ,  0
200 ,  5239 ,  69925 ,  0
430 ,  3539 ,  71395 ,  0
4180 ,  3539 ,  67645 ,  0
1972 ,  3539 ,  69853 ,  0
851 ,  23717 ,  50574 ,  222
330 ,  4814 ,  70220 ,  0
455 ,  3539 ,  71370 ,  0
595 ,  3539 ,  71230 ,  0
1035 ,  6530 ,  67390 ,  409
7101 ,  3467 ,  63874 ,  922
3807 ,  3539 ,  68018 ,  0
7950 ,  5294 ,  61325 ,  795
0 ,  3539 ,  71825 ,  0
8176 ,  5239 ,  61949 ,  0
6318 ,  10384 ,  54882 ,  3780
4383 ,  8924 ,  60642 ,  1415
5416 ,  9317 ,  59609 ,  1022
346 ,  3539 ,  71479 ,  0
980 ,  3539 ,  70845 ,  0
297 ,  3539 ,  71528 ,  0
882 ,  3539 ,  70943 ,  0
288 ,  7789 ,  67287 ,  0
260 ,  3539 ,  71565 ,  0
924 ,  3539 ,  70901 ,  0
216 ,  11189 ,  63959 ,  0
161 ,  8639 ,  66564 ,  0
299 ,  3539 ,  71526 ,  0
418 ,  3494 ,  71407 ,  45
765 ,  35143 ,  39185 ,  271
576 ,  12039 ,  62749 ,  0
5259 ,  35711 ,  28741 ,  5653
1385 ,  3539 ,  70440 ,  0
3450 ,  9914 ,  62000 ,  0
336 ,  3539 ,  71489 ,  0
2888 ,  2627 ,  68937 ,  912
4584 ,  5038 ,  65541 ,  201
379 ,  3539 ,  71446 ,  0
2944 ,  3539 ,  68881 ,  0
660 ,  3944 ,  70740 ,  20
2676 ,  3539 ,  69149 ,  0
3871 ,  3539 ,  67954 ,  0
3632 ,  3423 ,  68193 ,  116
10880 ,  3556 ,  60520 ,  408
602 ,  3539 ,  71223 ,  0
6291 ,  24670 ,  34509 ,  9894
585 ,  6514 ,  68265 ,  0
208 ,  3539 ,  71617 ,  0
130 ,  14598 ,  60220 ,  416
5054 ,  11664 ,  57421 ,  1225
6759 ,  18642 ,  44666 ,  5297
1759 ,  12314 ,  61141 ,  150
636 ,  3539 ,  71189 ,  0
3995 ,  8757 ,  61455 ,  1157
2184 ,  3173 ,  69641 ,  366
533 ,  3539 ,  71292 ,  0
1406 ,  3169 ,  70419 ,  370
2730 ,  3539 ,  69095 ,  0
1950 ,  5239 ,  68175 ,  0
738 ,  12464 ,  62162 ,  0
2613 ,  8791 ,  63687 ,  273
1350 ,  3539 ,  70475 ,  0
804 ,  25914 ,  48496 ,  150
624 ,  31381 ,  43151 ,  208
512 ,  3539 ,  71313 ,  0
9559 ,  12103 ,  51216 ,  2486
756 ,  12889 ,  61719 ,  0
9864 ,  7710 ,  57286 ,  504
10143 ,  18839 ,  46382 ,  0
761 ,  4389 ,  70214 ,  0
90 ,  3469 ,  71735 ,  70
380 ,  5239 ,  69745 ,  0
740 ,  4389 ,  70235 ,  0
450 ,  3539 ,  71375 ,  0
1197 ,  7364 ,  66803 ,  0
712 ,  11473 ,  62613 ,  566
1088 ,  7364 ,  66912 ,  0
480 ,  7364 ,  67520 ,  0
7837 ,  3539 ,  61013 ,  2975
2146 ,  3539 ,  69679 ,  0
360 ,  3880 ,  71040 ,  84
161 ,  3539 ,  71664 ,  0
4208 ,  9269 ,  61667 ,  220
159 ,  3221 ,  71666 ,  318
8364 ,  3539 ,  63461 ,  0
559 ,  3539 ,  71266 ,  0
892 ,  9391 ,  64983 ,  98
248 ,  3539 ,  71577 ,  0
440 ,  6089 ,  68835 ,  0
5370 ,  2399 ,  66455 ,  1140
3450 ,  6514 ,  65400 ,  0
3648 ,  5609 ,  65627 ,  480
3578 ,  3539 ,  68247 ,  0
10553 ,  6289 ,  57447 ,  1075
5520 ,  3814 ,  65455 ,  575
13081 ,  8288 ,  31544 ,  22451
400 ,  3539 ,  71425 ,  0
6048 ,  2531 ,  65777 ,  1008
1862 ,  3539 ,  69963 ,  0
407 ,  11817 ,  62493 ,  647
5829 ,  3070 ,  65996 ,  469
1848 ,  3539 ,  69977 ,  0
1380 ,  17989 ,  55995 ,  0
360 ,  3539 ,  71465 ,  0
160 ,  8488 ,  66140 ,  576
4758 ,  14647 ,  53892 ,  2067
490 ,  3539 ,  71335 ,  0
6776 ,  3539 ,  65049 ,  0
705 ,  3539 ,  71120 ,  0
504 ,  7364 ,  67496 ,  0
135 ,  3434 ,  71690 ,  105
403 ,  20448 ,  54422 ,  91
546 ,  3357 ,  71279 ,  182
319 ,  3495 ,  71506 ,  44
1222 ,  3539 ,  70603 ,  0
986 ,  3539 ,  70839 ,  0
187 ,  6582 ,  68238 ,  357
2232 ,  11189 ,  61943 ,  0
578 ,  3539 ,  71247 ,  0
880 ,  3539 ,  70945 ,  0
1320 ,  5489 ,  67955 ,  600
2926 ,  3539 ,  68899 ,  0
490 ,  3467 ,  71335 ,  72
1696 ,  3539 ,  70129 ,  0
1102 ,  3539 ,  70723 ,  0
756 ,  5664 ,  68944 ,  0
1190 ,  11614 ,  62560 ,  0
832 ,  3539 ,  70993 ,  0
598 ,  12889 ,  61877 ,  0
1110 ,  16314 ,  55840 ,  2100
0 ,  18813 ,  53975 ,  2576
243 ,  3539 ,  71582 ,  0
494 ,  5664 ,  69206 ,  0
70 ,  10757 ,  61555 ,  2982
524 ,  4746 ,  70026 ,  68
2160 ,  10575 ,  62440 ,  189
308 ,  7364 ,  67692 ,  0
497 ,  6514 ,  68353 ,  0
368 ,  6939 ,  68057 ,  0
1080 ,  5664 ,  68620 ,  0
578 ,  14164 ,  60622 ,  0
1771 ,  12889 ,  60704 ,  0
0 ,  11614 ,  63750 ,  0
15934 ,  4002 ,  55041 ,  387
24472 ,  2573 ,  47353 ,  966
30430 ,  2769 ,  36295 ,  5870
408 ,  3964 ,  70992 ,  0
1116 ,  3539 ,  70709 ,  0
2128 ,  16350 ,  56522 ,  364
1376 ,  6170 ,  67474 ,  344
252 ,  3539 ,  71573 ,  0
663 ,  3964 ,  70737 ,  0
432 ,  5496 ,  69268 ,  168
1260 ,  4814 ,  69290 ,  0
5466 ,  8940 ,  57434 ,  3524
240 ,  3539 ,  71585 ,  0
462 ,  3539 ,  71363 ,  0
341 ,  4389 ,  70634 ,  0
972 ,  5664 ,  68728 ,  0
1002 ,  4999 ,  69123 ,  240
480 ,  3539 ,  71345 ,  0
784 ,  3539 ,  71041 ,  0
234 ,  4814 ,  70316 ,  0
648 ,  3539 ,  71177 ,  0
899 ,  3539 ,  70926 ,  0
390 ,  5239 ,  69735 ,  0
3481 ,  7364 ,  64519 ,  0
0 ,  5389 ,  69275 ,  700
1525 ,  5239 ,  68600 ,  0
513 ,  5144 ,  69612 ,  95
96 ,  10390 ,  63654 ,  1224
608 ,  3406 ,  71217 ,  133
513 ,  3964 ,  70887 ,  0
85 ,  3539 ,  71740 ,  0
931 ,  13314 ,  61119 ,  0
396 ,  9309 ,  65479 ,  180
176 ,  3539 ,  71649 ,  0
240 ,  3491 ,  71585 ,  48
1066 ,  7364 ,  66934 ,  0
252 ,  25088 ,  49898 ,  126
1357 ,  22239 ,  51768 ,  0
249 ,  30193 ,  44376 ,  546
2223 ,  2786 ,  69602 ,  753
2775 ,  9314 ,  63100 ,  175
672 ,  3427 ,  71153 ,  112
450 ,  9914 ,  65000 ,  0
400 ,  3539 ,  71425 ,  0
299 ,  3539 ,  71526 ,  0
462 ,  3539 ,  71363 ,  0
3658 ,  20539 ,  51167 ,  0
6588 ,  3920 ,  63962 ,  894
2080 ,  6514 ,  66770 ,  0
435 ,  4814 ,  70115 ,  0
507 ,  3964 ,  70893 ,  0
225 ,  3539 ,  71600 ,  0
247 ,  4298 ,  70728 ,  91
7283 ,  10924 ,  53492 ,  3665
198 ,  4389 ,  70777 ,  0
23345 ,  3964 ,  48055 ,  0
704 ,  3539 ,  71121 ,  0
1518 ,  4389 ,  69457 ,  0
1001 ,  9888 ,  64024 ,  451
5950 ,  15991 ,  52275 ,  1148
1550 ,  3322 ,  70275 ,  217
2088 ,  3539 ,  69737 ,  0
504 ,  3539 ,  71321 ,  0
310 ,  3539 ,  71515 ,  0
320 ,  3539 ,  71505 ,  0
2730 ,  13557 ,  58895 ,  182
608 ,  7364 ,  67392 ,  0
741 ,  7364 ,  67259 ,  0
122 ,  6998 ,  67878 ,  366
741 ,  7364 ,  67259 ,  0
550 ,  8973 ,  65750 ,  91
1170 ,  4116 ,  69805 ,  273
2200 ,  3539 ,  69625 ,  0
918 ,  3964 ,  70482 ,  0
616 ,  3539 ,  71209 ,  0
913 ,  5664 ,  68787 ,  0
719 ,  15244 ,  59206 ,  195
2618 ,  5494 ,  67082 ,  170
5504 ,  14164 ,  55696 ,  0
502 ,  3539 ,  71323 ,  0
352 ,  4389 ,  70623 ,  0
1817 ,  11614 ,  61933 ,  0
1116 ,  3539 ,  70709 ,  0
9605 ,  3200 ,  62220 ,  339
1444 ,  6381 ,  67406 ,  133
451 ,  5239 ,  69674 ,  0
1113 ,  3539 ,  70712 ,  0
280 ,  7729 ,  67295 ,  60
304 ,  3539 ,  71521 ,  0
720 ,  3539 ,  71105 ,  0
1863 ,  3539 ,  69962 ,  0
1014 ,  5921 ,  68261 ,  168
1156 ,  5625 ,  68119 ,  464
568 ,  3964 ,  70832 ,  0
880 ,  6089 ,  68395 ,  0
16686 ,  3539 ,  55139 ,  0
3232 ,  11412 ,  60518 ,  202
368 ,  3539 ,  71457 ,  0
342 ,  13188 ,  61708 ,  126
3042 ,  5816 ,  66233 ,  273
1305 ,  3128 ,  70520 ,  411
2838 ,  2765 ,  68987 ,  774
3406 ,  5239 ,  66719 ,  0
16238 ,  3298 ,  54312 ,  1516
7308 ,  4389 ,  63667 ,  0
1135 ,  5539 ,  68565 ,  125
4928 ,  2672 ,  66897 ,  867
3139 ,  3539 ,  68686 ,  0
10033 ,  3539 ,  61792 ,  0
459 ,  11614 ,  63291 ,  0
330 ,  5239 ,  69795 ,  0
2046 ,  3539 ,  69779 ,  0
443 ,  3539 ,  71382 ,  0
0 ,  3539 ,  71825 ,  0
1463 ,  6052 ,  67812 ,  37
2700 ,  8639 ,  64025 ,  0
660 ,  8214 ,  66490 ,  0
481 ,  3539 ,  71344 ,  0
48 ,  3539 ,  71777 ,  0
5280 ,  4004 ,  65695 ,  385
182 ,  3461 ,  71643 ,  78
110 ,  3539 ,  71715 ,  0
585 ,  4389 ,  70390 ,  0
480 ,  12313 ,  61995 ,  576
1456 ,  17989 ,  55919 ,  0
2548 ,  3964 ,  68852 ,  0
624 ,  6514 ,  68226 ,  0
290 ,  7364 ,  67710 ,  0
936 ,  3964 ,  70464 ,  0
595 ,  3539 ,  71230 ,  0
471 ,  3539 ,  71354 ,  0
588 ,  3539 ,  71237 ,  0
504 ,  3539 ,  71321 ,  0
1200 ,  3539 ,  70625 ,  0
290 ,  3539 ,  71535 ,  0
207 ,  3539 ,  71618 ,  0
286 ,  3539 ,  71539 ,  0
480 ,  4389 ,  70495 ,  0
416 ,  3539 ,  71409 ,  0
624 ,  3409 ,  71201 ,  130
3774 ,  10764 ,  60826 ,  0
900 ,  11109 ,  58175 ,  5180
174 ,  24941 ,  47001 ,  3248
2106 ,  6939 ,  66319 ,  0
532 ,  3539 ,  71293 ,  0
272 ,  3539 ,  71553 ,  0
1760 ,  4590 ,  68790 ,  224
840 ,  3964 ,  70560 ,  0
925 ,  3539 ,  70900 ,  0
2198 ,  3336 ,  69627 ,  203
200 ,  3289 ,  71625 ,  250
531 ,  6089 ,  68744 ,  0
3724 ,  10024 ,  57901 ,  3715
540 ,  3838 ,  70860 ,  126
510 ,  3539 ,  71315 ,  0
5131 ,  4419 ,  61169 ,  4645
0 ,  13431 ,  61625 ,  308
1764 ,  10031 ,  63261 ,  308
558 ,  10386 ,  64042 ,  378
192 ,  3539 ,  71633 ,  0
42 ,  4207 ,  70933 ,  182
0 ,  3539 ,  71825 ,  0
189 ,  3539 ,  71636 ,  0
7075 ,  28839 ,  36275 ,  3175
3588 ,  22239 ,  49537 ,  0
4113 ,  7277 ,  63037 ,  937
4560 ,  3964 ,  66840 ,  0
5310 ,  3539 ,  66515 ,  0
2310 ,  3539 ,  69515 ,  0
1312 ,  7990 ,  65838 ,  224
1740 ,  12889 ,  60735 ,  0
2373 ,  3087 ,  69452 ,  452
19425 ,  3229 ,  51975 ,  735
396 ,  6514 ,  68454 ,  0
748 ,  4814 ,  69802 ,  0
1218 ,  5664 ,  68482 ,  0
4500 ,  4137 ,  66475 ,  252
1400 ,  3539 ,  70425 ,  0
960 ,  7301 ,  67040 ,  63
1470 ,  9369 ,  64405 ,  120
256 ,  13202 ,  61794 ,  112
360 ,  3539 ,  71465 ,  0
435 ,  3539 ,  71390 ,  0
270 ,  9064 ,  66030 ,  0
2900 ,  3239 ,  68925 ,  300
494 ,  3539 ,  71331 ,  0
2394 ,  3311 ,  69431 ,  228
5394 ,  3964 ,  66006 ,  0
4847 ,  6936 ,  62303 ,  1278
660 ,  3264 ,  71165 ,  275
2028 ,  14164 ,  59172 ,  0
1593 ,  3911 ,  69807 ,  53
3118 ,  3539 ,  68707 ,  0
3256 ,  3317 ,  68569 ,  222
3330 ,  5239 ,  66795 ,  0
1729 ,  4875 ,  66271 ,  2489
690 ,  3539 ,  71135 ,  0
1405 ,  14164 ,  59795 ,  0
2299 ,  3539 ,  69526 ,  0
672 ,  3371 ,  71153 ,  168
5458 ,  5239 ,  64667 ,  0
8196 ,  20052 ,  46204 ,  912
10161 ,  23468 ,  41689 ,  46
7440 ,  2981 ,  64385 ,  558
5754 ,  2717 ,  66071 ,  822
16892 ,  4814 ,  53658 ,  0
442 ,  3539 ,  71383 ,  0
644 ,  5239 ,  69481 ,  0
5720 ,  3539 ,  66105 ,  0
1872 ,  3539 ,  69953 ,  0
24180 ,  2759 ,  47645 ,  780
4680 ,  3149 ,  67145 ,  390
12738 ,  17174 ,  39962 ,  5490
2010 ,  7320 ,  65565 ,  469
2754 ,  3539 ,  69071 ,  0
2009 ,  6089 ,  67266 ,  0
2821 ,  5071 ,  67304 ,  168
990 ,  5239 ,  69135 ,  0
1957 ,  3539 ,  69868 ,  0
754 ,  4814 ,  69796 ,  0
432 ,  3539 ,  71393 ,  0
817 ,  14152 ,  59958 ,  437
834 ,  6089 ,  68441 ,  0
252 ,  3539 ,  71573 ,  0
2002 ,  7789 ,  65573 ,  0
198 ,  3539 ,  71627 ,  0
10864 ,  12039 ,  52036 ,  425
640 ,  21016 ,  52060 ,  1648
1176 ,  3539 ,  70649 ,  0
264 ,  3539 ,  71561 ,  0
451 ,  5239 ,  69674 ,  0
576 ,  3539 ,  71249 ,  0
570 ,  9914 ,  64880 ,  0
9672 ,  9489 ,  56203 ,  0
1349 ,  3539 ,  70476 ,  0
429 ,  3539 ,  71396 ,  0
1092 ,  5855 ,  68183 ,  234
4173 ,  6514 ,  64677 ,  0
2150 ,  3410 ,  69675 ,  129
806 ,  20332 ,  52744 ,  1482
594 ,  3539 ,  71231 ,  0
850 ,  4814 ,  69700 ,  0
2025 ,  6939 ,  66400 ,  0
319 ,  3539 ,  71506 ,  0
540 ,  3539 ,  71285 ,  0
6552 ,  2759 ,  65273 ,  780
697 ,  3539 ,  71128 ,  0
180 ,  3539 ,  71645 ,  0
1220 ,  3539 ,  70605 ,  0
2716 ,  13314 ,  59334 ,  0
6284 ,  10580 ,  55766 ,  2734
5628 ,  3585 ,  65347 ,  804
1425 ,  6939 ,  67000 ,  0
3128 ,  2981 ,  68697 ,  558
6290 ,  2944 ,  65535 ,  595
3449 ,  40965 ,  29701 ,  1249
624 ,  3475 ,  71201 ,  64
2856 ,  6089 ,  66419 ,  0
341 ,  3539 ,  71484 ,  0
357 ,  22545 ,  52343 ,  119
322 ,  9489 ,  65553 ,  0
3465 ,  6089 ,  65810 ,  0
154 ,  3964 ,  71246 ,  0
508 ,  9782 ,  64942 ,  132
495 ,  3539 ,  71330 ,  0
299 ,  4389 ,  70676 ,  0
663 ,  8588 ,  66062 ,  51
1294 ,  3539 ,  70531 ,  0
544 ,  3981 ,  70431 ,  408
715 ,  3539 ,  71110 ,  0
360 ,  3539 ,  71465 ,  0
867 ,  3539 ,  70958 ,  0
1356 ,  3539 ,  70469 ,  0
370 ,  3539 ,  71455 ,  0
3516 ,  3539 ,  68309 ,  0
644 ,  3539 ,  71181 ,  0
7018 ,  2125 ,  64807 ,  1414
6642 ,  3350 ,  65183 ,  189
2610 ,  3017 ,  69215 ,  522
2871 ,  3539 ,  68954 ,  0
8740 ,  3964 ,  62660 ,  0
5760 ,  3539 ,  66065 ,  0
1910 ,  3131 ,  69915 ,  408
832 ,  3964 ,  70568 ,  0
275 ,  3539 ,  71550 ,  0
1942 ,  3964 ,  69458 ,  0
34510 ,  3539 ,  37315 ,  0
3828 ,  2846 ,  67997 ,  693
4750 ,  3273 ,  67075 ,  266
12688 ,  3539 ,  59137 ,  0
7791 ,  3196 ,  64034 ,  343
2052 ,  3539 ,  69773 ,  0
1985 ,  7642 ,  65590 ,  147
462 ,  5239 ,  69663 ,  0
2376 ,  15014 ,  57974 ,  0
5832 ,  3397 ,  65568 ,  567
9581 ,  4389 ,  61394 ,  0
0 ,  3539 ,  71825 ,  0
3924 ,  3539 ,  67901 ,  0
18684 ,  3539 ,  53141 ,  0
288 ,  3539 ,  71537 ,  0
7788 ,  3539 ,  64037 ,  0
971 ,  5239 ,  69154 ,  0
1564 ,  6514 ,  67286 ,  0
2958 ,  11189 ,  61217 ,  0
504 ,  3539 ,  71321 ,  0
3731 ,  4527 ,  66819 ,  287
1122 ,  7789 ,  66453 ,  0
928 ,  4814 ,  69622 ,  0
752 ,  3539 ,  71073 ,  0
0 ,  4814 ,  70550 ,  0
720 ,  3964 ,  70680 ,  0
600 ,  3364 ,  71225 ,  175
2294 ,  3539 ,  69531 ,  0
272 ,  3539 ,  71553 ,  0
465 ,  5664 ,  69235 ,  0
225 ,  17031 ,  58000 ,  108
540 ,  3539 ,  71285 ,  0
742 ,  5239 ,  69383 ,  0
1560 ,  3539 ,  70265 ,  0
3190 ,  11842 ,  58010 ,  2322
8471 ,  20216 ,  44654 ,  2023
10523 ,  6718 ,  57477 ,  646
384 ,  3964 ,  71016 ,  0
735 ,  3392 ,  71090 ,  147
3168 ,  10533 ,  61432 ,  231
2420 ,  3579 ,  68980 ,  385
9408 ,  3539 ,  62417 ,  0
19510 ,  3654 ,  49765 ,  2435
3864 ,  3539 ,  67961 ,  0
656 ,  5664 ,  69044 ,  0
1764 ,  15014 ,  58586 ,  0
945 ,  3539 ,  70880 ,  0
1200 ,  15689 ,  58300 ,  175
756 ,  14798 ,  59594 ,  216
1300 ,  18414 ,  55650 ,  0
600 ,  3964 ,  70800 ,  0
1548 ,  3539 ,  70277 ,  0
8232 ,  3376 ,  63168 ,  588
4510 ,  4814 ,  66040 ,  0
174 ,  3307 ,  71651 ,  232
1188 ,  3539 ,  70637 ,  0
363 ,  15439 ,  59562 ,  0
288 ,  5538 ,  69412 ,  126
950 ,  3539 ,  70875 ,  0
5324 ,  19689 ,  50351 ,  0
5720 ,  3084 ,  66105 ,  455
2352 ,  3539 ,  69473 ,  0
8220 ,  13314 ,  53830 ,  0
532 ,  5239 ,  69593 ,  0
720 ,  11164 ,  63030 ,  450
1157 ,  19264 ,  54943 ,  0
1254 ,  3964 ,  70146 ,  0
974 ,  19524 ,  54701 ,  165
300 ,  12464 ,  62600 ,  0
585 ,  4389 ,  70390 ,  0
713 ,  3378 ,  71112 ,  161
190 ,  4584 ,  70360 ,  230
1012 ,  3539 ,  70813 ,  0
3891 ,  3879 ,  66659 ,  935
855 ,  7364 ,  67145 ,  0
340 ,  6089 ,  68935 ,  0
594 ,  17030 ,  55931 ,  1809
637 ,  3539 ,  71188 ,  0
564 ,  6514 ,  68286 ,  0
2332 ,  4018 ,  68643 ,  371
4403 ,  3539 ,  67422 ,  0
14664 ,  2599 ,  57161 ,  940
4726 ,  3539 ,  65399 ,  1700
15840 ,  3539 ,  55985 ,  0
348 ,  3539 ,  71477 ,  0
3296 ,  12464 ,  59604 ,  0
10284 ,  7840 ,  56866 ,  374
5192 ,  8639 ,  61533 ,  0
760 ,  3539 ,  71065 ,  0
480 ,  3539 ,  71345 ,  0
585 ,  3964 ,  70815 ,  0
494 ,  5239 ,  69631 ,  0
854 ,  13314 ,  61196 ,  0
468 ,  3539 ,  71357 ,  0
1992 ,  3539 ,  69833 ,  0
665 ,  13314 ,  61385 ,  0
8976 ,  3539 ,  62849 ,  0
7515 ,  3539 ,  60485 ,  3825
451 ,  12039 ,  62874 ,  0
564 ,  3964 ,  70836 ,  0
576 ,  4814 ,  69974 ,  0
250 ,  14589 ,  60525 ,  0
448 ,  6057 ,  68827 ,  32
832 ,  3315 ,  70993 ,  224
1534 ,  4389 ,  69441 ,  0
602 ,  8214 ,  66548 ,  0
705 ,  12889 ,  61770 ,  0
1100 ,  22872 ,  48200 ,  3192
144 ,  6005 ,  69131 ,  84
592 ,  3539 ,  71233 ,  0
2760 ,  30612 ,  41440 ,  552
440 ,  20539 ,  54385 ,  0
224 ,  6514 ,  68626 ,  0
64 ,  3483 ,  71761 ,  56
1560 ,  3539 ,  70265 ,  0
198 ,  3539 ,  71627 ,  0
126 ,  29763 ,  45349 ,  126
990 ,  11189 ,  63185 ,  0
675 ,  13037 ,  60950 ,  702
1701 ,  5664 ,  67999 ,  0
216 ,  3539 ,  71609 ,  0
2625 ,  4814 ,  67925 ,  0
2416 ,  17659 ,  53259 ,  2030
0 ,  3481 ,  71825 ,  58
275 ,  3964 ,  71125 ,  0
4033 ,  8214 ,  63117 ,  0
2442 ,  23089 ,  49833 ,  0
7052 ,  4389 ,  63923 ,  0
949 ,  3448 ,  70876 ,  91
1320 ,  5239 ,  68805 ,  0
6615 ,  3539 ,  65210 ,  0
16320 ,  3539 ,  55505 ,  0
2170 ,  4389 ,  68805 ,  0
407 ,  8214 ,  66743 ,  0
2170 ,  6514 ,  66680 ,  0
528 ,  8102 ,  66622 ,  112
8883 ,  7222 ,  58692 ,  567
5490 ,  4814 ,  65060 ,  0
936 ,  3413 ,  70889 ,  126
520 ,  3539 ,  71305 ,  0
1862 ,  3273 ,  69963 ,  266
1700 ,  3539 ,  70125 ,  0
350 ,  3539 ,  71475 ,  0
2352 ,  4814 ,  68198 ,  0
1980 ,  3539 ,  69845 ,  0
5832 ,  5664 ,  63868 ,  0
5312 ,  3964 ,  66088 ,  0
960 ,  5328 ,  68740 ,  336
12240 ,  10339 ,  52785 ,  0
8874 ,  17158 ,  48926 ,  406
12131 ,  36277 ,  24419 ,  2537
294 ,  3441 ,  71531 ,  98
2201 ,  4813 ,  67924 ,  426
810 ,  6089 ,  68465 ,  0
11516 ,  6714 ,  53509 ,  3625
735 ,  6939 ,  67690 ,  0
4914 ,  2867 ,  66911 ,  672
4520 ,  8196 ,  59230 ,  3418
864 ,  3539 ,  70961 ,  0
2376 ,  3539 ,  69449 ,  0
400 ,  3539 ,  71425 ,  0
969 ,  6089 ,  68306 ,  0
980 ,  10689 ,  63195 ,  500
840 ,  5328 ,  68860 ,  336
372 ,  3539 ,  71453 ,  0
1617 ,  2951 ,  70208 ,  588
4470 ,  5664 ,  65230 ,  0
1618 ,  17145 ,  56182 ,  419
7252 ,  3539 ,  64573 ,  0
5086 ,  15914 ,  53989 ,  375
0 ,  3539 ,  71825 ,  0
320 ,  8639 ,  66405 ,  0
155 ,  6089 ,  69120 ,  0
1850 ,  3539 ,  69975 ,  0
555 ,  3964 ,  70845 ,  0
731 ,  7789 ,  66844 ,  0
966 ,  17842 ,  56409 ,  147
1012 ,  10339 ,  64013 ,  0
172 ,  5039 ,  69953 ,  200
1166 ,  3539 ,  70659 ,  0
525 ,  3964 ,  70875 ,  0
208 ,  3539 ,  71617 ,  0
644 ,  3355 ,  71181 ,  184
2904 ,  3539 ,  68921 ,  0
350 ,  4389 ,  70625 ,  0
448 ,  3964 ,  70952 ,  0
308 ,  3539 ,  71517 ,  0
1436 ,  15356 ,  55514 ,  3058
560 ,  4389 ,  70415 ,  0
720 ,  14780 ,  59630 ,  234
5216 ,  5380 ,  61084 ,  3684
858 ,  3921 ,  70117 ,  468
1760 ,  3191 ,  70065 ,  348
1564 ,  12124 ,  61336 ,  340
515 ,  8769 ,  65785 ,  295
4500 ,  8639 ,  62225 ,  0
216 ,  14080 ,  60984 ,  84
528 ,  3539 ,  71297 ,  0
494 ,  3539 ,  71331 ,  0
532 ,  4389 ,  70443 ,  0
330 ,  4389 ,  70645 ,  0
490 ,  3539 ,  71335 ,  0
340 ,  20964 ,  54060 ,  0
300 ,  14974 ,  60050 ,  40
468 ,  3539 ,  71357 ,  0
375 ,  3964 ,  71025 ,  0
231 ,  3964 ,  71169 ,  0
1656 ,  13314 ,  60394 ,  0
10089 ,  3539 ,  61736 ,  0
980 ,  3196 ,  70845 ,  343
782 ,  3337 ,  71043 ,  202
1360 ,  3199 ,  70465 ,  340
5781 ,  3539 ,  66044 ,  0
290 ,  4389 ,  70685 ,  0
3498 ,  2717 ,  68327 ,  822
924 ,  3363 ,  70901 ,  176
3248 ,  6514 ,  65602 ,  0
848 ,  11614 ,  62902 ,  0
266 ,  9489 ,  65609 ,  0
828 ,  12464 ,  62072 ,  0
488 ,  7449 ,  67087 ,  340
1976 ,  3539 ,  69849 ,  0
1809 ,  11614 ,  61941 ,  0
9010 ,  6939 ,  58565 ,  850
4618 ,  8013 ,  62107 ,  626
1054 ,  5324 ,  63971 ,  5015
1218 ,  4389 ,  69757 ,  0
1216 ,  14164 ,  59984 ,  0
352 ,  15439 ,  59573 ,  0
270 ,  22664 ,  52430 ,  0
336 ,  23089 ,  51939 ,  0
416 ,  15127 ,  59509 ,  312
234 ,  9064 ,  66066 ,  0
306 ,  23939 ,  51119 ,  0
3366 ,  3539 ,  68459 ,  0
384 ,  3964 ,  71016 ,  0
1025 ,  12191 ,  61875 ,  273
6480 ,  2979 ,  65345 ,  560
13416 ,  3539 ,  58409 ,  0
162 ,  3413 ,  71663 ,  126
1386 ,  3539 ,  70439 ,  0
352 ,  4814 ,  70198 ,  0
3024 ,  3287 ,  68801 ,  252
1628 ,  6089 ,  67647 ,  0
2883 ,  6089 ,  66392 ,  0
800 ,  3539 ,  71025 ,  0
96 ,  3497 ,  71729 ,  42
994 ,  3051 ,  70831 ,  488
506 ,  3539 ,  71319 ,  0
4430 ,  10849 ,  59745 ,  340
11625 ,  3539 ,  60200 ,  0
360 ,  6089 ,  68915 ,  0
3174 ,  3470 ,  68651 ,  69
4320 ,  3179 ,  67505 ,  360
720 ,  3539 ,  71105 ,  0
210 ,  11708 ,  62690 ,  756
630 ,  9489 ,  65245 ,  0
2046 ,  3840 ,  69354 ,  124
720 ,  11189 ,  63455 ,  0
686 ,  10339 ,  64339 ,  0
494 ,  10764 ,  64106 ,  0
19 ,  30176 ,  44181 ,  988
1121 ,  3539 ,  70704 ,  0
495 ,  3539 ,  71330 ,  0
455 ,  3539 ,  71370 ,  0
504 ,  3539 ,  71321 ,  0
300 ,  3539 ,  71525 ,  0
703 ,  3539 ,  71122 ,  0
434 ,  3539 ,  71391 ,  0
448 ,  8583 ,  66277 ,  56
884 ,  5239 ,  69241 ,  0
1644 ,  5702 ,  63806 ,  4212
288 ,  4389 ,  70687 ,  0
310 ,  3539 ,  71515 ,  0
2666 ,  7997 ,  64484 ,  217
373 ,  3873 ,  71027 ,  91
297 ,  3539 ,  71528 ,  0
940 ,  5239 ,  69185 ,  0
2784 ,  12665 ,  59691 ,  224
810 ,  3539 ,  71015 ,  0
1224 ,  6089 ,  68051 ,  0
