[[' 187' ' 109' ' 293' ' 142']
 [' 119' ' 81' ' 160' ' 92']
 [' 187' ' 165' ' 315' ' 224']
 ..., 
 [' 238' ' 123' ' 332' ' 154']
 [' 0' ' 121' ' 26' ' 150']
 [' 189' ' 34' ' 256' ' 51']]
Intersection, original, detected
0.0 ,  263623272.0 ,  136521840.0
6.21133432556e+12 ,  33989164.0 ,  136521840.0
0.0 ,  569148928.0 ,  136521840.0
0.0 ,  148843900.0 ,  136521840.0
1.02888319498e+13 ,  536968500.0 ,  136521840.0
7.1419523604e+11 ,  134147920.0 ,  136521840.0
0.0 ,  111538720.0 ,  136521840.0
0.0 ,  58331736.0 ,  136521840.0
6.51708908812e+12 ,  61723116.0 ,  136521840.0
0.0 ,  39792192.0 ,  136521840.0
0.0 ,  11078508.0 ,  136521840.0
0.0 ,  67601508.0 ,  136521840.0
0.0 ,  5652300.0 ,  136521840.0
0.0 ,  651069596.0 ,  136521840.0
0.0 ,  598239432.0 ,  136521840.0
1.68081065939e+12 ,  45369128.0 ,  136521840.0
0.0 ,  8591496.0 ,  136521840.0
0.0 ,  8591496.0 ,  136521840.0
0.0 ,  49740240.0 ,  136521840.0
2.5487238114e+12 ,  35873264.0 ,  136521840.0
0.0 ,  3617472.0 ,  136521840.0
0.0 ,  54262080.0 ,  136521840.0
0.0 ,  6782760.0 ,  136521840.0
0.0 ,  8591496.0 ,  136521840.0
0.0 ,  64662312.0 ,  136521840.0
6.36421170684e+12 ,  112367724.0 ,  136521840.0
0.0 ,  130002900.0 ,  136521840.0
5.75270218172e+12 ,  922832180.0 ,  136521840.0
0.0 ,  34365984.0 ,  136521840.0
0.0 ,  18690272.0 ,  136521840.0
0.0 ,  2411648.0 ,  136521840.0
0.0 ,  33160160.0 ,  136521840.0
0.0 ,  149220720.0 ,  136521840.0
0.0 ,  40621196.0 ,  136521840.0
0.0 ,  20574372.0 ,  136521840.0
0.0 ,  84483044.0 ,  136521840.0
0.0 ,  13866976.0 ,  136521840.0
4.635112092e+11 ,  68731968.0 ,  136521840.0
0.0 ,  71897256.0 ,  136521840.0
0.0 ,  259553616.0 ,  136521840.0
1.47213550588e+12 ,  1320829464.0 ,  136521840.0
0.0 ,  452636184.0 ,  136521840.0
1.02888319498e+13 ,  563873448.0 ,  136521840.0
0.0 ,  11304600.0 ,  136521840.0
0.0 ,  40093648.0 ,  136521840.0
8.96957382516e+12 ,  136107384.0 ,  136521840.0
0.0 ,  22383108.0 ,  136521840.0
0.0 ,  52905528.0 ,  136521840.0
0.0 ,  86216416.0 ,  136521840.0
1.02888319498e+13 ,  2925027568.0 ,  136521840.0
0.0 ,  244179360.0 ,  136521840.0
0.0 ,  401991576.0 ,  136521840.0
1.02888319498e+13 ,  841062240.0 ,  136521840.0
0.0 ,  17635176.0 ,  136521840.0
0.0 ,  127365160.0 ,  136521840.0
0.0 ,  74534996.0 ,  136521840.0
3.30666408124e+12 ,  328587040.0 ,  136521840.0
0.0 ,  310047496.0 ,  136521840.0
1.02888319498e+13 ,  948531304.0 ,  136521840.0
0.0 ,  125405696.0 ,  136521840.0
7.59367739364e+12 ,  1622888376.0 ,  136521840.0
0.0 ,  401690120.0 ,  136521840.0
3.6124188438e+12 ,  1177185680.0 ,  136521840.0
0.0 ,  25623760.0 ,  136521840.0
0.0 ,  28939776.0 ,  136521840.0
0.0 ,  23212112.0 ,  136521840.0
0.0 ,  16278624.0 ,  136521840.0
0.0 ,  78001740.0 ,  136521840.0
0.0 ,  66923232.0 ,  136521840.0
9.108342312e+12 ,  159168768.0 ,  136521840.0
0.0 ,  126611520.0 ,  136521840.0
0.0 ,  80714844.0 ,  136521840.0
9.12245120644e+12 ,  661545192.0 ,  136521840.0
0.0 ,  244103996.0 ,  136521840.0
0.0 ,  358431184.0 ,  136521840.0
8.35161766348e+12 ,  443140320.0 ,  136521840.0
3.46598809908e+12 ,  47479320.0 ,  136521840.0
0.0 ,  16956900.0 ,  136521840.0
0.0 ,  69184152.0 ,  136521840.0
1.62501288716e+12 ,  301380636.0 ,  136521840.0
8.35161766348e+12 ,  141759684.0 ,  136521840.0
0.0 ,  46122768.0 ,  136521840.0
0.0 ,  37983456.0 ,  136521840.0
0.0 ,  133846464.0 ,  136521840.0
0.0 ,  127365160.0 ,  136521840.0
0.0 ,  48835872.0 ,  136521840.0
6.51708908812e+12 ,  173638656.0 ,  136521840.0
0.0 ,  119376576.0 ,  136521840.0
0.0 ,  19594640.0 ,  136521840.0
0.0 ,  127817344.0 ,  136521840.0
0.0 ,  113950368.0 ,  136521840.0
0.0 ,  136258112.0 ,  136521840.0
4.52968313148e+12 ,  164821068.0 ,  136521840.0
0.0 ,  18087360.0 ,  136521840.0
0.0 ,  33160160.0 ,  136521840.0
0.0 ,  25322304.0 ,  136521840.0
0.0 ,  31652880.0 ,  136521840.0
0.0 ,  35044260.0 ,  136521840.0
0.0 ,  19594640.0 ,  136521840.0
0.0 ,  10023412.0 ,  136521840.0
0.0 ,  107393700.0 ,  136521840.0
0.0 ,  329039224.0 ,  136521840.0
0.0 ,  251112848.0 ,  136521840.0
0.0 ,  843021704.0 ,  136521840.0
2.0607373142e+12 ,  25699124.0 ,  136521840.0
0.0 ,  107016880.0 ,  136521840.0
0.0 ,  16655444.0 ,  136521840.0
0.0 ,  37305180.0 ,  136521840.0
0.0 ,  44389396.0 ,  136521840.0
0.0 ,  23513568.0 ,  136521840.0
0.0 ,  19594640.0 ,  136521840.0
0.0 ,  10550960.0 ,  136521840.0
1.0268571092e+11 ,  18313452.0 ,  136521840.0
0.0 ,  375614176.0 ,  136521840.0
0.0 ,  67902964.0 ,  136521840.0
6.74150838414e+12 ,  53809896.0 ,  136521840.0
4.418082613e+11 ,  16956900.0 ,  136521840.0
2.54227717484e+12 ,  10400232.0 ,  136521840.0
3.15378669996e+12 ,  18087360.0 ,  136521840.0
0.0 ,  19067092.0 ,  136521840.0
0.0 ,  10023412.0 ,  136521840.0
3.66905715072e+12 ,  12661152.0 ,  136521840.0
0.0 ,  15600348.0 ,  136521840.0
0.0 ,  304621288.0 ,  136521840.0
4.52968313148e+12 ,  141759684.0 ,  136521840.0
0.0 ,  75966912.0 ,  136521840.0
3.21042500688e+12 ,  22157016.0 ,  136521840.0
3.46598809908e+12 ,  30748512.0 ,  136521840.0
0.0 ,  40998016.0 ,  136521840.0
0.0 ,  101741400.0 ,  136521840.0
0.0 ,  596129240.0 ,  136521840.0
0.0 ,  277339520.0 ,  136521840.0
0.0 ,  643005648.0 ,  136521840.0
0.0 ,  226092.0 ,  136521840.0
1.01350336204e+12 ,  341851104.0 ,  136521840.0
1.01925928754e+13 ,  744596320.0 ,  136521840.0
0.0 ,  418270200.0 ,  136521840.0
1.02888319498e+13 ,  466352432.0 ,  136521840.0
0.0 ,  7385672.0 ,  136521840.0
0.0 ,  68731968.0 ,  136521840.0
0.0 ,  19293184.0 ,  136521840.0
0.0 ,  61497024.0 ,  136521840.0
1.01350336204e+12 ,  18690272.0 ,  136521840.0
0.0 ,  16956900.0 ,  136521840.0
0.0 ,  64813040.0 ,  136521840.0
7.0774859948e+11 ,  13866976.0 ,  136521840.0
0.0 ,  9948048.0 ,  136521840.0
3.36330238816e+12 ,  19896096.0 ,  136521840.0
0.0 ,  11606056.0 ,  136521840.0
0.0 ,  49966332.0 ,  136521840.0
0.0 ,  38963188.0 ,  136521840.0
7.72036201672e+11 ,  804510700.0 ,  136521840.0
2.23652241228e+12 ,  28939776.0 ,  136521840.0
0.0 ,  251112848.0 ,  136521840.0
2.39584643012e+12 ,  22383108.0 ,  136521840.0
0.0 ,  273119136.0 ,  136521840.0
1.02888319498e+13 ,  347277312.0 ,  136521840.0
3.66905715072e+12 ,  14469888.0 ,  136521840.0
4.0774976242e+12 ,  213656940.0 ,  136521840.0
0.0 ,  47253228.0 ,  136521840.0
0.0 ,  65415952.0 ,  136521840.0
2.05556764525e+12 ,  282162816.0 ,  136521840.0
0.0 ,  89230976.0 ,  136521840.0
0.0 ,  834279480.0 ,  136521840.0
0.0 ,  41148744.0 ,  136521840.0
0.0 ,  1196177408.0 ,  136521840.0
0.0 ,  39792192.0 ,  136521840.0
0.0 ,  13565520.0 ,  136521840.0
0.0 ,  37079088.0 ,  136521840.0
0.0 ,  450978176.0 ,  136521840.0
1.02888319498e+13 ,  887938648.0 ,  136521840.0
0.0 ,  117115656.0 ,  136521840.0
0.0 ,  22383108.0 ,  136521840.0
0.0 ,  377196820.0 ,  136521840.0
0.0 ,  183586704.0 ,  136521840.0
0.0 ,  27131040.0 ,  136521840.0
0.0 ,  126536156.0 ,  136521840.0
0.0 ,  197302952.0 ,  136521840.0
0.0 ,  139272672.0 ,  136521840.0
0.0 ,  51247520.0 ,  136521840.0
0.0 ,  211923568.0 ,  136521840.0
0.0 ,  96164464.0 ,  136521840.0
0.0 ,  66621776.0 ,  136521840.0
0.0 ,  57653460.0 ,  136521840.0
0.0 ,  35044260.0 ,  136521840.0
9.42175933244e+12 ,  889898112.0 ,  136521840.0
0.0 ,  52754800.0 ,  136521840.0
0.0 ,  770521536.0 ,  136521840.0
6.51708908812e+12 ,  747610880.0 ,  136521840.0
0.0 ,  28939776.0 ,  136521840.0
0.0 ,  10852416.0 ,  136521840.0
0.0 ,  25096212.0 ,  136521840.0
1.784336905e+12 ,  51548976.0 ,  136521840.0
4.43344405712e+12 ,  30597784.0 ,  136521840.0
2.51873617434e+12 ,  84106224.0 ,  136521840.0
5.83994603513e+12 ,  89683160.0 ,  136521840.0
0.0 ,  75966912.0 ,  136521840.0
0.0 ,  32707976.0 ,  136521840.0
1.02888319498e+13 ,  797803304.0 ,  136521840.0
1.02888319498e+13 ,  154044016.0 ,  136521840.0
0.0 ,  29844144.0 ,  136521840.0
0.0 ,  9948048.0 ,  136521840.0
0.0 ,  322557920.0 ,  136521840.0
0.0 ,  31351424.0 ,  136521840.0
0.0 ,  614216600.0 ,  136521840.0
6.42085001376e+12 ,  37983456.0 ,  136521840.0
0.0 ,  42203840.0 ,  136521840.0
0.0 ,  4521840.0 ,  136521840.0
0.0 ,  30070236.0 ,  136521840.0
0.0 ,  476601936.0 ,  136521840.0
5.45339405572e+12 ,  249153384.0 ,  136521840.0
0.0 ,  300702360.0 ,  136521840.0
0.0 ,  82297488.0 ,  136521840.0
9.88039147628e+12 ,  860129332.0 ,  136521840.0
0.0 ,  446757792.0 ,  136521840.0
1.02888319498e+13 ,  2647160500.0 ,  136521840.0
0.0 ,  15600348.0 ,  136521840.0
0.0 ,  516017308.0 ,  136521840.0
5.905579563e+12 ,  133846464.0 ,  136521840.0
8.81669644388e+12 ,  73555264.0 ,  136521840.0
0.0 ,  467558256.0 ,  136521840.0
0.0 ,  132640640.0 ,  136521840.0
0.0 ,  97370288.0 ,  136521840.0
0.0 ,  23739660.0 ,  136521840.0
0.0 ,  50870700.0 ,  136521840.0
8.81024980732e+12 ,  498306768.0 ,  136521840.0
0.0 ,  11606056.0 ,  136521840.0
0.0 ,  498306768.0 ,  136521840.0
0.0 ,  48534416.0 ,  136521840.0
0.0 ,  33989164.0 ,  136521840.0
0.0 ,  17936632.0 ,  136521840.0
0.0 ,  8139312.0 ,  136521840.0
0.0 ,  54638900.0 ,  136521840.0
0.0 ,  24116480.0 ,  136521840.0
0.0 ,  86668600.0 ,  136521840.0
0.0 ,  68731968.0 ,  136521840.0
0.0 ,  37380544.0 ,  136521840.0
0.0 ,  159470224.0 ,  136521840.0
0.0 ,  39792192.0 ,  136521840.0
0.0 ,  61572388.0 ,  136521840.0
0.0 ,  134524740.0 ,  136521840.0
6.36421170684e+12 ,  208909008.0 ,  136521840.0
0.0 ,  18841000.0 ,  136521840.0
0.0 ,  13565520.0 ,  136521840.0
0.0 ,  77323464.0 ,  136521840.0
0.0 ,  52528708.0 ,  136521840.0
0.0 ,  83201856.0 ,  136521840.0
2.38939979356e+12 ,  58407100.0 ,  136521840.0
0.0 ,  40696560.0 ,  136521840.0
1.02888319498e+13 ,  231668936.0 ,  136521840.0
1.02888319498e+13 ,  185169348.0 ,  136521840.0
0.0 ,  15675712.0 ,  136521840.0
3.91817360636e+12 ,  33461616.0 ,  136521840.0
0.0 ,  219761424.0 ,  136521840.0
0.0 ,  40696560.0 ,  136521840.0
0.0 ,  170473368.0 ,  136521840.0
0.0 ,  20574372.0 ,  136521840.0
0.0 ,  17635176.0 ,  136521840.0
3.0575476256e+12 ,  10550960.0 ,  136521840.0
0.0 ,  75891548.0 ,  136521840.0
0.0 ,  39792192.0 ,  136521840.0
4.22392836892e+12 ,  126008608.0 ,  136521840.0
0.0 ,  2788468.0 ,  136521840.0
0.0 ,  738265744.0 ,  136521840.0
1.02888319498e+13 ,  1893143680.0 ,  136521840.0
1.02888319498e+13 ,  2710843080.0 ,  136521840.0
0.0 ,  27357132.0 ,  136521840.0
0.0 ,  78152468.0 ,  136521840.0
3.77174286164e+12 ,  179064864.0 ,  136521840.0
0.0 ,  121712860.0 ,  136521840.0
4.12768929456e+12 ,  16278624.0 ,  136521840.0
0.0 ,  29844144.0 ,  136521840.0
0.0 ,  43334300.0 ,  136521840.0
0.0 ,  88401972.0 ,  136521840.0
0.0 ,  661997376.0 ,  136521840.0
0.0 ,  15298892.0 ,  136521840.0
0.0 ,  31351424.0 ,  136521840.0
0.0 ,  22609200.0 ,  136521840.0
0.0 ,  67902964.0 ,  136521840.0
0.0 ,  87874424.0 ,  136521840.0
0.0 ,  32707976.0 ,  136521840.0
5.1411926566e+12 ,  54262080.0 ,  136521840.0
0.0 ,  15072800.0 ,  136521840.0
0.0 ,  27357132.0 ,  136521840.0
3.45954146252e+12 ,  30748512.0 ,  136521840.0
0.0 ,  26226672.0 ,  136521840.0
0.0 ,  253524496.0 ,  136521840.0
7.49099168272e+12 ,  48006868.0 ,  136521840.0
0.0 ,  108524160.0 ,  136521840.0
0.0 ,  42053112.0 ,  136521840.0
5.5802482478e+11 ,  93602088.0 ,  136521840.0
0.0 ,  51548976.0 ,  136521840.0
0.0 ,  35270352.0 ,  136521840.0
0.0 ,  4823296.0 ,  136521840.0
1.45754450793e+12 ,  65114496.0 ,  136521840.0
0.0 ,  39566100.0 ,  136521840.0
3.00090931868e+12 ,  11078508.0 ,  136521840.0
0.0 ,  19067092.0 ,  136521840.0
0.0 ,  43409664.0 ,  136521840.0
0.0 ,  26904948.0 ,  136521840.0
0.0 ,  52001160.0 ,  136521840.0
0.0 ,  54864992.0 ,  136521840.0
0.0 ,  213204756.0 ,  136521840.0
0.0 ,  211622112.0 ,  136521840.0
0.0 ,  54940356.0 ,  136521840.0
4.3599807372e+11 ,  30748512.0 ,  136521840.0
0.0 ,  27131040.0 ,  136521840.0
3.36330238816e+12 ,  19896096.0 ,  136521840.0
0.0 ,  30899240.0 ,  136521840.0
0.0 ,  264527640.0 ,  136521840.0
0.0 ,  549855744.0 ,  136521840.0
0.0 ,  148843900.0 ,  136521840.0
0.0 ,  29542688.0 ,  136521840.0
0.0 ,  19594640.0 ,  136521840.0
0.0 ,  14469888.0 ,  136521840.0
0.0 ,  23513568.0 ,  136521840.0
1.02888319498e+13 ,  803757060.0 ,  136521840.0
3.21042500688e+12 ,  12661152.0 ,  136521840.0
6.36421170684e+12 ,  1736386560.0 ,  136521840.0
0.0 ,  48609780.0 ,  136521840.0
0.0 ,  107770520.0 ,  136521840.0
0.0 ,  102871860.0 ,  136521840.0
1.02888319498e+13 ,  518353592.0 ,  136521840.0
0.0 ,  126611520.0 ,  136521840.0
0.0 ,  150351180.0 ,  136521840.0
0.0 ,  34290620.0 ,  136521840.0
0.0 ,  20348280.0 ,  136521840.0
0.0 ,  21026556.0 ,  136521840.0
0.0 ,  209135100.0 ,  136521840.0
0.0 ,  42053112.0 ,  136521840.0
3.45954146252e+12 ,  48835872.0 ,  136521840.0
0.0 ,  31652880.0 ,  136521840.0
3.45954146252e+12 ,  50644608.0 ,  136521840.0
0.0 ,  18991728.0 ,  136521840.0
0.0 ,  105961784.0 ,  136521840.0
0.0 ,  158791948.0 ,  136521840.0
0.0 ,  63908672.0 ,  136521840.0
0.0 ,  42128476.0 ,  136521840.0
1.63145952372e+12 ,  14243796.0 ,  136521840.0
0.0 ,  24870120.0 ,  136521840.0
9.11600456988e+12 ,  201447972.0 ,  136521840.0
0.0 ,  401991576.0 ,  136521840.0
0.0 ,  14771344.0 ,  136521840.0
0.0 ,  23362840.0 ,  136521840.0
0.0 ,  129324624.0 ,  136521840.0
0.0 ,  48534416.0 ,  136521840.0
0.0 ,  734346816.0 ,  136521840.0
0.0 ,  111237264.0 ,  136521840.0
0.0 ,  30145600.0 ,  136521840.0
0.0 ,  78378560.0 ,  136521840.0
0.0 ,  22383108.0 ,  136521840.0
3.15378669996e+12 ,  8666860.0 ,  136521840.0
0.0 ,  49589512.0 ,  136521840.0
0.0 ,  133243552.0 ,  136521840.0
0.0 ,  51247520.0 ,  136521840.0
0.0 ,  62175300.0 ,  136521840.0
8.65737242604e+12 ,  36928360.0 ,  136521840.0
0.0 ,  61044840.0 ,  136521840.0
8.81669644388e+12 ,  1237627608.0 ,  136521840.0
0.0 ,  248701200.0 ,  136521840.0
0.0 ,  24870120.0 ,  136521840.0
0.0 ,  32029700.0 ,  136521840.0
0.0 ,  243425720.0 ,  136521840.0
0.0 ,  122994048.0 ,  136521840.0
0.0 ,  260457984.0 ,  136521840.0
1.93076764972e+12 ,  244933000.0 ,  136521840.0
0.0 ,  1317739540.0 ,  136521840.0
0.0 ,  537345320.0 ,  136521840.0
0.0 ,  88401972.0 ,  136521840.0
0.0 ,  425052960.0 ,  136521840.0
0.0 ,  227900736.0 ,  136521840.0
0.0 ,  740677392.0 ,  136521840.0
0.0 ,  31351424.0 ,  136521840.0
0.0 ,  22157016.0 ,  136521840.0
0.0 ,  147110528.0 ,  136521840.0
4.5863214384e+12 ,  20348280.0 ,  136521840.0
0.0 ,  0.0 ,  136521840.0
0.0 ,  105961784.0 ,  136521840.0
0.0 ,  193986936.0 ,  136521840.0
0.0 ,  45821312.0 ,  136521840.0
0.0 ,  32557248.0 ,  136521840.0
0.0 ,  2487012.0 ,  136521840.0
0.0 ,  415104912.0 ,  136521840.0
0.0 ,  17182992.0 ,  136521840.0
0.0 ,  6782760.0 ,  136521840.0
0.0 ,  40093648.0 ,  136521840.0
0.0 ,  78755380.0 ,  136521840.0
0.0 ,  101741400.0 ,  136521840.0
0.0 ,  183134520.0 ,  136521840.0
0.0 ,  42957480.0 ,  136521840.0
3.30666408124e+12 ,  18991728.0 ,  136521840.0
0.0 ,  65340588.0 ,  136521840.0
8.6707261732e+11 ,  40998016.0 ,  136521840.0
3.51617976944e+12 ,  17333720.0 ,  136521840.0
0.0 ,  40169012.0 ,  136521840.0
0.0 ,  34592076.0 ,  136521840.0
0.0 ,  85010592.0 ,  136521840.0
1.32570476116e+12 ,  18991728.0 ,  136521840.0
3.36330238816e+12 ,  13264064.0 ,  136521840.0
0.0 ,  18841000.0 ,  136521840.0
1.01350336204e+12 ,  32707976.0 ,  136521840.0
0.0 ,  28035408.0 ,  136521840.0
0.0 ,  52754800.0 ,  136521840.0
5.905579563e+12 ,  274023504.0 ,  136521840.0
4.75205953555e+12 ,  443818596.0 ,  136521840.0
1.02888319498e+13 ,  246892464.0 ,  136521840.0
0.0 ,  151783096.0 ,  136521840.0
0.0 ,  36626904.0 ,  136521840.0
0.0 ,  18087360.0 ,  136521840.0
0.0 ,  142437960.0 ,  136521840.0
0.0 ,  58934648.0 ,  136521840.0
0.0 ,  65114496.0 ,  136521840.0
0.0 ,  79584384.0 ,  136521840.0
0.0 ,  29542688.0 ,  136521840.0
0.0 ,  34968896.0 ,  136521840.0
1.02888319498e+13 ,  544429536.0 ,  136521840.0
0.0 ,  46122768.0 ,  136521840.0
0.0 ,  34968896.0 ,  136521840.0
1.02888319498e+13 ,  718746468.0 ,  136521840.0
0.0 ,  20348280.0 ,  136521840.0
6.21133432556e+12 ,  148542444.0 ,  136521840.0
0.0 ,  65340588.0 ,  136521840.0
0.0 ,  12133604.0 ,  136521840.0
0.0 ,  14771344.0 ,  136521840.0
0.0 ,  0.0 ,  136521840.0
0.0 ,  12058240.0 ,  136521840.0
0.0 ,  753338544.0 ,  136521840.0
0.0 ,  261136260.0 ,  136521840.0
0.0 ,  369283600.0 ,  136521840.0
0.0 ,  333485700.0 ,  136521840.0
0.0 ,  387973872.0 ,  136521840.0
4.07105098764e+12 ,  166102256.0 ,  136521840.0
0.0 ,  109805348.0 ,  136521840.0
0.0 ,  124501328.0 ,  136521840.0
0.0 ,  202578432.0 ,  136521840.0
7.1350452498e+12 ,  1497030496.0 ,  136521840.0
0.0 ,  26377400.0 ,  136521840.0
0.0 ,  51850432.0 ,  136521840.0
0.0 ,  85914960.0 ,  136521840.0
0.0 ,  348181680.0 ,  136521840.0
0.0 ,  99932664.0 ,  136521840.0
0.0 ,  72349440.0 ,  136521840.0
0.0 ,  113648912.0 ,  136521840.0
0.0 ,  24870120.0 ,  136521840.0
0.0 ,  24342572.0 ,  136521840.0
2.70160119268e+12 ,  29542688.0 ,  136521840.0
3.97481191328e+12 ,  17635176.0 ,  136521840.0
0.0 ,  232648668.0 ,  136521840.0
0.0 ,  33913800.0 ,  136521840.0
0.0 ,  189615824.0 ,  136521840.0
0.0 ,  395208816.0 ,  136521840.0
0.0 ,  445853424.0 ,  136521840.0
0.0 ,  65114496.0 ,  136521840.0
3.97279291172e+12 ,  145075700.0 ,  136521840.0
0.0 ,  82297488.0 ,  136521840.0
0.0 ,  85462776.0 ,  136521840.0
0.0 ,  252318672.0 ,  136521840.0
0.0 ,  241466256.0 ,  136521840.0
0.0 ,  306580752.0 ,  136521840.0
3.92462024292e+12 ,  47479320.0 ,  136521840.0
96057447120.0 ,  71143616.0 ,  136521840.0
0.0 ,  26000580.0 ,  136521840.0
0.0 ,  58934648.0 ,  136521840.0
0.0 ,  41450200.0 ,  136521840.0
0.0 ,  671116420.0 ,  136521840.0
1.92257935112e+12 ,  751831264.0 ,  136521840.0
0.0 ,  589346480.0 ,  136521840.0
0.0 ,  481726688.0 ,  136521840.0
6.82284385068e+12 ,  1253001864.0 ,  136521840.0
0.0 ,  29844144.0 ,  136521840.0
0.0 ,  44087940.0 ,  136521840.0
2.8480319374e+12 ,  419174568.0 ,  136521840.0
0.0 ,  133771100.0 ,  136521840.0
7.28792263108e+12 ,  1856893596.0 ,  136521840.0
0.0 ,  371393792.0 ,  136521840.0
1.02888319498e+13 ,  1346980772.0 ,  136521840.0
0.0 ,  184038888.0 ,  136521840.0
0.0 ,  199714600.0 ,  136521840.0
0.0 ,  144698880.0 ,  136521840.0
0.0 ,  135956656.0 ,  136521840.0
0.0 ,  69937792.0 ,  136521840.0
0.0 ,  52227252.0 ,  136521840.0
0.0 ,  31200696.0 ,  136521840.0
0.0 ,  28336864.0 ,  136521840.0
0.0 ,  88628064.0 ,  136521840.0
3.36330238816e+12 ,  31502152.0 ,  136521840.0
0.0 ,  15826440.0 ,  136521840.0
4.83543789404e+12 ,  143191600.0 ,  136521840.0
3.21042500688e+12 ,  12661152.0 ,  136521840.0
5.606271437e+12 ,  833525840.0 ,  136521840.0
8.04586290092e+12 ,  163916700.0 ,  136521840.0
0.0 ,  82900400.0 ,  136521840.0
0.0 ,  17333720.0 ,  136521840.0
0.0 ,  30145600.0 ,  136521840.0
0.0 ,  39566100.0 ,  136521840.0
1.17216681442e+12 ,  39038552.0 ,  136521840.0
6.51708908812e+12 ,  712566620.0 ,  136521840.0
0.0 ,  62401392.0 ,  136521840.0
2.083645031e+12 ,  28939776.0 ,  136521840.0
0.0 ,  94506456.0 ,  136521840.0
0.0 ,  303566192.0 ,  136521840.0
0.0 ,  164594976.0 ,  136521840.0
9.42175933244e+12 ,  163916700.0 ,  136521840.0
4.89207620096e+12 ,  40998016.0 ,  136521840.0
0.0 ,  59085376.0 ,  136521840.0
0.0 ,  145000336.0 ,  136521840.0
0.0 ,  21101920.0 ,  136521840.0
0.0 ,  36928360.0 ,  136521840.0
0.0 ,  537345320.0 ,  136521840.0
0.0 ,  48232960.0 ,  136521840.0
2.59891548176e+12 ,  11530692.0 ,  136521840.0
0.0 ,  85914960.0 ,  136521840.0
0.0 ,  195343488.0 ,  136521840.0
1.0103599296e+13 ,  663052472.0 ,  136521840.0
0.0 ,  471100364.0 ,  136521840.0
2.38939979356e+12 ,  100384848.0 ,  136521840.0
0.0 ,  267692928.0 ,  136521840.0
0.0 ,  512776656.0 ,  136521840.0
0.0 ,  343509112.0 ,  136521840.0
0.0 ,  47479320.0 ,  136521840.0
0.0 ,  205517628.0 ,  136521840.0
3.00090931868e+12 ,  22609200.0 ,  136521840.0
0.0 ,  32557248.0 ,  136521840.0
3.36330238816e+12 ,  21554104.0 ,  136521840.0
0.0 ,  251112848.0 ,  136521840.0
0.0 ,  9495864.0 ,  136521840.0
0.0 ,  44087940.0 ,  136521840.0
0.0 ,  33763072.0 ,  136521840.0
0.0 ,  19896096.0 ,  136521840.0
4.98831527532e+12 ,  49438784.0 ,  136521840.0
0.0 ,  34818168.0 ,  136521840.0
0.0 ,  65642044.0 ,  136521840.0
0.0 ,  48232960.0 ,  136521840.0
0.0 ,  23513568.0 ,  136521840.0
0.0 ,  60291200.0 ,  136521840.0
0.0 ,  21855560.0 ,  136521840.0
1.46684465162e+12 ,  24417936.0 ,  136521840.0
0.0 ,  219459968.0 ,  136521840.0
0.0 ,  44087940.0 ,  136521840.0
0.0 ,  614291964.0 ,  136521840.0
1.02888319498e+13 ,  495744392.0 ,  136521840.0
0.0 ,  226845640.0 ,  136521840.0
0.0 ,  207401728.0 ,  136521840.0
1.02888319498e+13 ,  640970820.0 ,  136521840.0
3.77174286164e+12 ,  421510852.0 ,  136521840.0
0.0 ,  75740820.0 ,  136521840.0
8.6062598076e+11 ,  56975184.0 ,  136521840.0
0.0 ,  18087360.0 ,  136521840.0
0.0 ,  29391960.0 ,  136521840.0
1.02888319498e+13 ,  2572776232.0 ,  136521840.0
0.0 ,  327984128.0 ,  136521840.0
0.0 ,  365289308.0 ,  136521840.0
1.02888319498e+13 ,  936020880.0 ,  136521840.0
3.16023333652e+12 ,  596882880.0 ,  136521840.0
0.0 ,  147713440.0 ,  136521840.0
0.0 ,  96164464.0 ,  136521840.0
0.0 ,  30899240.0 ,  136521840.0
0.0 ,  170473368.0 ,  136521840.0
3.37108964477e+13 ,  470271360.0 ,  461659324.0
0.0 ,  706311408.0 ,  136521840.0
0.0 ,  0.0 ,  136521840.0
0.0 ,  284875920.0 ,  136521840.0
8.50449504476e+12 ,  1386999056.0 ,  136521840.0
0.0 ,  18690272.0 ,  136521840.0
0.0 ,  572615672.0 ,  136521840.0
6.61504570804e+11 ,  58557828.0 ,  136521840.0
0.0 ,  111086536.0 ,  136521840.0
2.09009166756e+12 ,  213129392.0 ,  136521840.0
0.0 ,  15600348.0 ,  136521840.0
0.0 ,  292412320.0 ,  136521840.0
0.0 ,  79584384.0 ,  136521840.0
0.0 ,  64436220.0 ,  136521840.0
4.07105098764e+12 ,  52001160.0 ,  136521840.0
0.0 ,  62401392.0 ,  136521840.0
0.0 ,  48157596.0 ,  136521840.0
0.0 ,  56070816.0 ,  136521840.0
0.0 ,  165047160.0 ,  136521840.0
1.27776210329e+12 ,  18087360.0 ,  17674866.0
0.0 ,  31652880.0 ,  136521840.0
0.0 ,  21704832.0 ,  136521840.0
0.0 ,  37154452.0 ,  136521840.0
0.0 ,  50946064.0 ,  136521840.0
0.0 ,  111689448.0 ,  136521840.0
0.0 ,  407568512.0 ,  136521840.0
1.02888319498e+13 ,  772028816.0 ,  136521840.0
1.02888319498e+13 ,  824783616.0 ,  136521840.0
7.1419523604e+11 ,  26000580.0 ,  136521840.0
0.0 ,  63305760.0 ,  136521840.0
0.0 ,  248399744.0 ,  136521840.0
0.0 ,  207552456.0 ,  136521840.0
0.0 ,  694328532.0 ,  136521840.0
9.19707942771e+12 ,  1638111904.0 ,  136521840.0
0.0 ,  281861360.0 ,  136521840.0
0.0 ,  45218400.0 ,  136521840.0
7.0774859948e+11 ,  125104240.0 ,  136521840.0
0.0 ,  66320320.0 ,  136521840.0
0.0 ,  99480480.0 ,  136521840.0
0.0 ,  67902964.0 ,  136521840.0
0.0 ,  91642624.0 ,  136521840.0
0.0 ,  41600928.0 ,  136521840.0
0.0 ,  110785080.0 ,  136521840.0
0.0 ,  649185496.0 ,  136521840.0
3.76529622508e+12 ,  328587040.0 ,  136521840.0
0.0 ,  25774488.0 ,  136521840.0
0.0 ,  83880132.0 ,  136521840.0
5.76034710588e+11 ,  24116480.0 ,  136521840.0
0.0 ,  29467324.0 ,  136521840.0
0.0 ,  66471048.0 ,  136521840.0
2.38939979356e+12 ,  388878240.0 ,  136521840.0
0.0 ,  458213120.0 ,  136521840.0
0.0 ,  170021184.0 ,  136521840.0
2.09009166756e+12 ,  604720736.0 ,  136521840.0
0.0 ,  36250084.0 ,  136521840.0
0.0 ,  80488752.0 ,  136521840.0
4.98831527532e+12 ,  79584384.0 ,  136521840.0
0.0 ,  89230976.0 ,  136521840.0
0.0 ,  79584384.0 ,  136521840.0
0.0 ,  19670004.0 ,  136521840.0
1.62501288716e+12 ,  40093648.0 ,  136521840.0
0.0 ,  63004304.0 ,  136521840.0
0.0 ,  27809316.0 ,  136521840.0
0.0 ,  71294344.0 ,  136521840.0
0.0 ,  351346968.0 ,  136521840.0
0.0 ,  59688288.0 ,  136521840.0
0.0 ,  22383108.0 ,  136521840.0
1.02888319498e+13 ,  172432832.0 ,  136521840.0
0.0 ,  43409664.0 ,  136521840.0
0.0 ,  38134184.0 ,  136521840.0
0.0 ,  199865328.0 ,  136521840.0
0.0 ,  320146272.0 ,  136521840.0
0.0 ,  1155631576.0 ,  136521840.0
1.02888319498e+13 ,  471025000.0 ,  136521840.0
1.02888319498e+13 ,  1173643572.0 ,  136521840.0
0.0 ,  23212112.0 ,  136521840.0
0.0 ,  238300968.0 ,  136521840.0
7.89298551964e+12 ,  786800160.0 ,  136521840.0
0.0 ,  379156284.0 ,  136521840.0
0.0 ,  52905528.0 ,  136521840.0
0.0 ,  32707976.0 ,  136521840.0
2.23652241228e+12 ,  40093648.0 ,  136521840.0
0.0 ,  33461616.0 ,  136521840.0
0.0 ,  58783920.0 ,  136521840.0
0.0 ,  31652880.0 ,  136521840.0
7.89298551964e+12 ,  142136504.0 ,  136521840.0
0.0 ,  46122768.0 ,  136521840.0
0.0 ,  661469828.0 ,  136521840.0
1.02888319498e+13 ,  837218676.0 ,  136521840.0
0.0 ,  30145600.0 ,  136521840.0
0.0 ,  38134184.0 ,  136521840.0
3.04523993076e+12 ,  39566100.0 ,  136521840.0
0.0 ,  16278624.0 ,  136521840.0
0.0 ,  32331156.0 ,  136521840.0
0.0 ,  77097372.0 ,  136521840.0
0.0 ,  109277800.0 ,  136521840.0
0.0 ,  41148744.0 ,  136521840.0
3.52758935149e+12 ,  48534416.0 ,  136521840.0
8.05230953748e+12 ,  312006960.0 ,  136521840.0
0.0 ,  15751076.0 ,  136521840.0
0.0 ,  40696560.0 ,  136521840.0
0.0 ,  237471964.0 ,  136521840.0
1.27946819352e+11 ,  29165868.0 ,  136521840.0
0.0 ,  14243796.0 ,  136521840.0
0.0 ,  7913220.0 ,  136521840.0
0.0 ,  110257532.0 ,  136521840.0
0.0 ,  12661152.0 ,  136521840.0
0.0 ,  17936632.0 ,  136521840.0
0.0 ,  69184152.0 ,  136521840.0
0.0 ,  99932664.0 ,  136521840.0
0.0 ,  121486768.0 ,  136521840.0
5.78932381024e+11 ,  13866976.0 ,  136521840.0
1.02888319498e+13 ,  189615824.0 ,  136521840.0
0.0 ,  323462288.0 ,  136521840.0
0.0 ,  0.0 ,  136521840.0
0.0 ,  16278624.0 ,  136521840.0
0.0 ,  293015232.0 ,  136521840.0
0.0 ,  176050304.0 ,  136521840.0
1.63145952372e+12 ,  518881140.0 ,  136521840.0
0.0 ,  72349440.0 ,  136521840.0
0.0 ,  93375996.0 ,  136521840.0
0.0 ,  484741248.0 ,  136521840.0
1.02888319498e+13 ,  1210722660.0 ,  136521840.0
0.0 ,  156003480.0 ,  136521840.0
0.0 ,  27131040.0 ,  136521840.0
1.3192581246e+12 ,  156304936.0 ,  136521840.0
0.0 ,  45218400.0 ,  136521840.0
0.0 ,  697946004.0 ,  136521840.0
0.0 ,  401237936.0 ,  136521840.0
0.0 ,  75590092.0 ,  136521840.0
0.0 ,  35797900.0 ,  136521840.0
0.0 ,  156154208.0 ,  136521840.0
0.0 ,  121863588.0 ,  136521840.0
0.0 ,  23061384.0 ,  136521840.0
0.0 ,  169945820.0 ,  136521840.0
0.0 ,  142588688.0 ,  136521840.0
0.0 ,  428067520.0 ,  136521840.0
0.0 ,  389330424.0 ,  136521840.0
0.0 ,  95636916.0 ,  136521840.0
3.6124188438e+12 ,  905272368.0 ,  136521840.0
2.24296904884e+12 ,  687319680.0 ,  136521840.0
1.02888319498e+13 ,  1085241600.0 ,  136521840.0
0.0 ,  27432496.0 ,  136521840.0
0.0 ,  189917280.0 ,  136521840.0
0.0 ,  56372272.0 ,  136521840.0
5.29407003788e+12 ,  1122320688.0 ,  136521840.0
0.0 ,  51247520.0 ,  136521840.0
0.0 ,  410959892.0 ,  136521840.0
0.0 ,  584071000.0 ,  136521840.0
0.0 ,  59914380.0 ,  136521840.0
0.0 ,  171754556.0 ,  136521840.0
4.23037500548e+12 ,  26452764.0 ,  136521840.0
0.0 ,  67526144.0 ,  136521840.0
1.00332688576e+13 ,  104529868.0 ,  136521840.0
0.0 ,  82900400.0 ,  136521840.0
0.0 ,  24870120.0 ,  136521840.0
0.0 ,  154044016.0 ,  136521840.0
1.02888319498e+13 ,  323462288.0 ,  136521840.0
0.0 ,  144698880.0 ,  136521840.0
0.0 ,  531768384.0 ,  136521840.0
9.73396073156e+12 ,  398826288.0 ,  136521840.0
0.0 ,  56447636.0 ,  136521840.0
1.784336905e+12 ,  21026556.0 ,  136521840.0
0.0 ,  9043680.0 ,  136521840.0
0.0 ,  132037728.0 ,  136521840.0
0.0 ,  37983456.0 ,  136521840.0
0.0 ,  50644608.0 ,  136521840.0
0.0 ,  79885840.0 ,  136521840.0
0.0 ,  71294344.0 ,  136521840.0
2.08006833092e+12 ,  24870120.0 ,  136521840.0
0.0 ,  82297488.0 ,  136521840.0
0.0 ,  35873264.0 ,  136521840.0
0.0 ,  13188700.0 ,  136521840.0
0.0 ,  57653460.0 ,  136521840.0
0.0 ,  209813376.0 ,  136521840.0
0.0 ,  23061384.0 ,  136521840.0
0.0 ,  30371692.0 ,  136521840.0
1.13967460555e+12 ,  20348280.0 ,  136521840.0
1.53240658369e+12 ,  327531944.0 ,  136521840.0
0.0 ,  38435640.0 ,  136521840.0
0.0 ,  66621776.0 ,  136521840.0
0.0 ,  653631972.0 ,  136521840.0
0.0 ,  92848448.0 ,  136521840.0
0.0 ,  154194744.0 ,  136521840.0
0.0 ,  136333476.0 ,  136521840.0
3.73639330208e+12 ,  55920088.0 ,  136521840.0
3.46598809908e+12 ,  327079760.0 ,  136521840.0
0.0 ,  20725100.0 ,  136521840.0
1.3192581246e+12 ,  35647172.0 ,  136521840.0
0.0 ,  33461616.0 ,  136521840.0
0.0 ,  36250084.0 ,  136521840.0
1.42121921066e+12 ,  21855560.0 ,  136521840.0
1.66871420984e+11 ,  33310888.0 ,  136521840.0
2.33009149085e+12 ,  22383108.0 ,  136521840.0
1.28403374464e+12 ,  22383108.0 ,  136521840.0
0.0 ,  31652880.0 ,  136521840.0
0.0 ,  25322304.0 ,  136521840.0
49040862080.0 ,  15072800.0 ,  136521840.0
2.8480319374e+12 ,  116588108.0 ,  136521840.0
0.0 ,  743089040.0 ,  136521840.0
0.0 ,  97671744.0 ,  136521840.0
0.0 ,  71068252.0 ,  136521840.0
0.0 ,  121185312.0 ,  136521840.0
4.0199383692e+11 ,  422942768.0 ,  136521840.0
3.40833991456e+12 ,  18991728.0 ,  136521840.0
0.0 ,  321050640.0 ,  136521840.0
0.0 ,  77775648.0 ,  136521840.0
0.0 ,  236266140.0 ,  136521840.0
0.0 ,  58783920.0 ,  136521840.0
0.0 ,  17635176.0 ,  136521840.0
0.0 ,  57653460.0 ,  136521840.0
0.0 ,  57653460.0 ,  136521840.0
0.0 ,  141307500.0 ,  136521840.0
0.0 ,  129324624.0 ,  136521840.0
0.0 ,  725981412.0 ,  136521840.0
7.89298551964e+12 ,  383225940.0 ,  136521840.0
0.0 ,  444647600.0 ,  136521840.0
0.0 ,  85914960.0 ,  136521840.0
0.0 ,  85462776.0 ,  136521840.0
0.0 ,  23362840.0 ,  136521840.0
0.0 ,  17635176.0 ,  136521840.0
0.0 ,  22383108.0 ,  136521840.0
0.0 ,  49966332.0 ,  136521840.0
0.0 ,  15072800.0 ,  136521840.0
0.0 ,  19896096.0 ,  136521840.0
6.82284385068e+12 ,  243727176.0 ,  136521840.0
0.0 ,  26000580.0 ,  136521840.0
0.0 ,  91793352.0 ,  136521840.0
0.0 ,  523930528.0 ,  136521840.0
7.89298551964e+12 ,  992317788.0 ,  136521840.0
0.0 ,  20499008.0 ,  136521840.0
0.0 ,  98123928.0 ,  136521840.0
0.0 ,  23362840.0 ,  136521840.0
0.0 ,  240034340.0 ,  136521840.0
0.0 ,  116663472.0 ,  136521840.0
0.0 ,  208004640.0 ,  136521840.0
0.0 ,  55392540.0 ,  136521840.0
0.0 ,  8666860.0 ,  136521840.0
0.0 ,  105811056.0 ,  136521840.0
0.0 ,  34818168.0 ,  136521840.0
0.0 ,  348181680.0 ,  136521840.0
6.91688357743e+12 ,  858848144.0 ,  136521840.0
0.0 ,  23739660.0 ,  136521840.0
0.0 ,  235738592.0 ,  136521840.0
0.0 ,  342378652.0 ,  136521840.0
0.0 ,  49589512.0 ,  136521840.0
0.0 ,  66621776.0 ,  136521840.0
0.0 ,  43108208.0 ,  136521840.0
0.0 ,  156304936.0 ,  136521840.0
0.0 ,  49740240.0 ,  136521840.0
1.47213550588e+12 ,  47027136.0 ,  136521840.0
0.0 ,  33461616.0 ,  136521840.0
0.0 ,  70540704.0 ,  136521840.0
0.0 ,  78680016.0 ,  136521840.0
2.44123409766e+12 ,  33763072.0 ,  136521840.0
0.0 ,  30748512.0 ,  136521840.0
0.0 ,  33989164.0 ,  136521840.0
0.0 ,  19670004.0 ,  136521840.0
0.0 ,  48835872.0 ,  136521840.0
4.5863214384e+12 ,  29391960.0 ,  136521840.0
4.12768929456e+12 ,  34592076.0 ,  136521840.0
3.45954146252e+12 ,  62175300.0 ,  136521840.0
1.02888319498e+13 ,  428595068.0 ,  136521840.0
0.0 ,  18690272.0 ,  136521840.0
0.0 ,  20348280.0 ,  136521840.0
0.0 ,  210265560.0 ,  136521840.0
0.0 ,  31652880.0 ,  136521840.0
0.0 ,  19293184.0 ,  136521840.0
0.0 ,  65868136.0 ,  136521840.0
0.0 ,  219610696.0 ,  136521840.0
0.0 ,  56824456.0 ,  136521840.0
0.0 ,  85839596.0 ,  136521840.0
Err:  -3.3036630243e+15
Coords:  830
